10
0.5
1  1        0.          0
1  2     6469.   576.9631
1  3     7629.   946.4954
1  4    20036.   597.5972
1  5     4690.   373.8127
1  6     6194.   559.7673
1  7    11688.   709.0215
1  8     2243.   1208.328
1  9     8857.   603.6477
1 10     7248.    695.208
2  1     6469.   576.9631
2  2        0.          0
2  3    12999.   369.5327
2  4    13692.   613.0386
2  5     3322.   429.1079
2  6     5576.   312.8831
2  7     3878.   1196.489
2  8     3202.    1502.14
2  9     6699.   405.8975
2 10     4198.   1241.961
3  1     7629.   946.4954
3  2    12999.   369.5327
3  3        0.          0
3  4    35135.   858.3308
3  5     5956.   749.6018
3  6    14121.   556.0706
3  7     5951.   1541.273
3  8     5768.   1764.791
3  9    16578.   621.3306
3 10     4242.   1603.165
4  1    20036.   597.5972
4  2    13692.   613.0386
4  3    35135.   858.3308
4  4        0.          0
4  5    19094.   255.0303
4  6    35119.   311.3071
4  7    21423.   790.1213
4  8    27342.   907.4331
4  9    51341.   237.0703
4 10    15826.   932.2173
5  1     4690.   373.8127
5  2     3322.   429.1079
5  3     5956.   749.6018
5  4    19094.   255.0303
5  5        0.          0
5  6     7284.   225.8954
5  7     3102.   794.1726
5  8     1562.   1080.374
5  9     7180.    238.944
5 10     1917.   879.5647
6  1     6194.   559.7673
6  2     5576.   312.8831
6  3    14121.   556.0706
6  4    35119.   311.3071
6  5     7284.   225.8954
6  6        0.          0
6  7     5023.   1009.689
6  8     3512.   1216.868
6  9    10419.    94.2588
6 10     3543.   1104.574
7  1    11688.   709.0215
7  2     3878.   1196.489
7  3     5951.   1541.273
7  4    21423.   790.1213
7  5     3102.   794.1726
7  6     5023.   1009.689
7  7        0.          0
7  8    11557.   663.8762
7  9     6479.   982.7378
7 10    34261.    221.422
8  1     2243.   1208.328
8  2     3202.    1502.14
8  3     5768.   1764.791
8  4    27342.   907.4331
8  5     1562.   1080.374
8  6     3512.   1216.868
8  7    11557.   663.8762
8  8        0.          0
8  9     5615.   1143.791
8 10     7095.   874.5181
9  1     8857.   603.6477
9  2     6699.   405.8975
9  3    16578.   621.3306
9  4    51341.   237.0703
9  5     7180.    238.944
9  6    10419.    94.2588
9  7     6479.   982.7378
9  8     5615.   1143.791
9  9        0.          0
9 10     4448.   1094.906
10  1     7248.    695.208
10  2     4198.   1241.961
10  3     4242.   1603.165
10  4    15826.   932.2173
10  5     1917.   879.5647
10  6     3543.   1104.574
10  7    34261.    221.422
10  8     7095.   874.5181
10  9     4448.   1094.906
10 10        0.          0
437.162232 
750.923103 
486.661204 
568.238860 
325.324185 
388.331399 
742.429447 
519.825080 
372.608681 
348.138682 