15
0.5
1  1        0.          0
1  2     6469.   576.9631
1  3     7629.   946.4954
1  4    20036.   597.5972
1  5     4690.   373.8127
1  6     6194.   559.7673
1  7    11688.   709.0215
1  8     2243.   1208.328
1  9     8857.   603.6477
1 10     7248.    695.208
1 11     3559.    680.709
1 12     9221.   1936.572 
1 13    10099.   332.4644
1 14    22866.   592.5679
1 15     3388.   908.7715
2  1     6469.   576.9631
2  2        0.          0
2  3    12999.   369.5327
2  4    13692.   613.0386
2  5     3322.   429.1079
2  6     5576.   312.8831
2  7     3878.   1196.489
2  8     3202.    1502.14
2  9     6699.   405.8975
2 10     4198.   1241.961
2 11     2454.   960.3459
2 12     7975.   2318.076
2 13     1186.   786.5959
2 14     7443.   949.5669
2 15     1162.   938.7461
3  1     7629.   946.4954
3  2    12999.   369.5327
3  3        0.          0
3  4    35135.   858.3308
3  5     5956.   749.6018
3  6    14121.   556.0706
3  7     5951.   1541.273
3  8     5768.   1764.791
3  9    16578.   621.3306
3 10     4242.   1603.165
3 11     3365.   1250.962
3 12    22254.   2600.078
3 13     1841.   1137.335
3 14    23665.   1266.851
3 15     6517.   1124.778
4  1    20036.   597.5972
4  2    13692.   613.0386
4  3    35135.   858.3308
4  4        0.          0
4  5    19094.   255.0303
4  6    35119.   311.3071
4  7    21423.   790.1213
4  8    27342.   907.4331
4  9    51341.   237.0703
4 10    15826.   932.2173
4 11    28537.   406.3386
4 12    65387.   1741.873
4 13    12980.   485.5564
4 14    44097.   1186.858
4 15    51525.   345.8738
5  1     4690.   373.8127
5  2     3322.   429.1079
5  3     5956.   749.6018
5  4    19094.   255.0303
5  5        0.          0
5  6     7284.   225.8954
5  7     3102.   794.1726
5  8     1562.   1080.374
5  9     7180.    238.944
5 10     1917.   879.5647
5 11     2253.    533.156
5 12     5951.   1889.528
5 13     1890.   402.3291
5 14     7097.   947.3188
5 15     2009.    598.541
6  1     6194.   559.7673
6  2     5576.   312.8831
6  3    14121.   556.0706
6  4    35119.   311.3071
6  5     7284.   225.8954
6  6        0.          0
6  7     5023.   1009.689
6  8     3512.   1216.868
6  9    10419.    94.2588
6 10     3543.   1104.574
6 11     2752.   694.9153
6 12    14412.   2047.122
6 13     2043.    627.115
6 14    15642.     1084.5
6 15     5014.   626.1548
7  1    11688.   709.0215
7  2     3878.   1196.489
7  3     5951.   1541.273
7  4    21423.   790.1213
7  5     3102.   794.1726
7  6     5023.   1009.689
7  7        0.          0
7  8    11557.   663.8762
7  9     6479.   982.7378
7 10    34261.    221.422
7 11    10134.   447.8044
7 12    27350.   1249.763
7 13     6929.   411.1133
7 14     7961.   1097.608
7 15     4678.   851.8228
8  1     2243.   1208.328
8  2     3202.    1502.14
8  3     5768.   1764.791
8  4    27342.   907.4331
8  5     1562.   1080.374
8  6     3512.   1216.868
8  7    11557.   663.8762
8  8        0.          0
8  9     5615.   1143.791
8 10     7095.   874.5181
8 11    10753.   551.6299
8 12    30362.    841.624
8 13     1783.   880.0728
8 14     3437.   1714.651
8 15     8897.   694.0088
9  1     8857.   603.6477
9  2     6699.   405.8975
9  3    16578.   621.3306
9  4    51341.   237.0703
9  5     7180.    238.944
9  6    10419.    94.2588
9  7     6479.   982.7378
9  8     5615.   1143.791
9  9        0.          0
9 10     4448.   1094.906
9 11     5076.   636.9045
9 12    22463.   1978.943
9 13     4783.    620.488
9 14    24609.   1151.868
9 15     9969.   535.0244
10  1     7248.    695.208
10  2     4198.   1241.961
10  3     4242.   1603.165
10  4    15826.   932.2173
10  5     1917.   879.5647
10  6     3543.   1104.574
10  7    34261.    221.422
10  8     7095.   874.5181
10  9     4448.   1094.906
10 10        0.          0
10 11     4370.   642.2092
10 12    17267.   1375.635
10 13     3929.    477.459
10 14     8602.   963.7202
10 15     2753.   1046.119
11  1     3559.    680.709
11  2     2454.   960.3459
11  3     3365.   1250.962
11  4    28537.   406.3386
11  5     2253.    533.156
11  6     2752.   694.9153
11  7    10134.   447.8044
11  8    10753.   551.6299
11  9     5076.   636.9045
11 10     4370.   642.2092
11 11        0.          0
11 12    15287.   1358.213
11 13     3083.   378.5906
11 14     4092.   1236.192
11 15     7701.   405.0906
12  1     9221.   1936.572
12  2     7975.   2318.076
12  3    22254.   2600.078
12  4    65387.   1741.873
12  5     5951.   1889.528
12  6    14412.   2047.122
12  7    27350.   1249.763
12  8    30362.    841.624
12  9    22463.   1978.943
12 10    17267.   1375.635
12 11    15287.   1358.213
12 12        0.          0
12 13     5454.   1608.082
12 14    15011.   2335.816
12 15    17714.    1530.57
13  1    10099.   332.4644
13  2     1186.   786.5959
13  3     1841.   1137.335
13  4    12980.   485.5564
13  5     1890.   402.3291
13  6     2043.    627.115
13  7     6929.   411.1133
13  8     1783.   880.0728
13  9     4783.    620.488
13 10     3929.    477.459
13 11     3083.   378.5906
13 12     5454.   1608.082
13 13        0.          0
13 14     3251.    858.251
13 15     1126.   700.8213
14  1    22866.   592.5679
14  2     7443.   949.5669
14  3    23665.   1266.851
14  4    44097.   1186.858
14  5     7097.   947.3188
14  6    15642.     1084.5
14  7     7961.   1097.608
14  8     3437.   1714.651
14  9    24609.   1151.868
14 10     8602.   963.7202
14 11     4092.   1236.192
14 12    15011.   2335.816
14 13     3251.    858.251
14 14        0.          0
14 15     5550.   1500.774
15  1     3388.   908.7715
15  2     1162.   938.7461
15  3     6517.   1124.778
15  4    51525.   345.8738
15  5     2009.    598.541
15  6     5014.   626.1548
15  7     4678.   851.8228
15  8     8897.   694.0088
15  9     9969.   535.0244
15 10     2753.   1046.119
15 11     7701.   405.0906
15 12    17714.    1530.57
15 13    1126.    700.8213
15 14     5550.   1500.774
15 15        0.          0
437.162232 
750.923103 
486.661204 
568.238860 
325.324185 
388.331399 
742.429447 
519.825080 
372.608681 
348.138682 
326.466187 
534.033972 
432.492061 
380.486169 
483.596970 