20
0.5
1 1 0 0
1 2 4176 362.782
1 3 3633 13.3413
1 4 4138 84.207
1 5 5527 87.3318
1 6 1356 558.12
1 7 4252 12.7923
1 8 9840 667.622
1 9 5034 796.748
1 10 6598 104.117
1 11 8893 30.9902
1 12 1321 94.8466
1 13 9130 35.3951
1 14 5834 129.143
1 15 3722 49.4309
1 16 8846 720.266
1 17 5860 104.259
1 18 990 64.4397
1 19 3431 284.612
1 20 2226 585.922
2 1 81 23.1804
2 2 0 0
2 3 8467 625.962
2 4 603 702.624
2 5 7146 564.542
2 6 7129 20.7298
2 7 7773 184.497
2 8 7146 25.7743
2 9 1139 63.6881
2 10 4729 100.377
2 11 5839 682.789
2 12 8400 422.325
2 13 6792 81.9842
2 14 4247 958.123
2 15 1694 140.582
2 16 2327 10.9288
2 17 1673 367.56
2 18 8384 82.3517
2 19 5769 145.083
2 20 3667 34.988
3 1 7114 95.4656
3 2 2707 99.0576
3 3 0 0
3 4 5692 66.7544
3 5 3742 744.024
3 6 5987 74.3969
3 7 8263 51.6521
3 8 6995 455.989
3 9 8326 54.2638
3 10 7172 359.06
3 11 8171 719.651
3 12 7460 89.9024
3 13 4560 203.101
3 14 4960 33.6847
3 15 4424 916.739
3 16 9907 544.886
3 17 8555 56.2669
3 18 3849 807.385
3 19 3562 723.53
3 20 1193 378.85
4 1 4232 310.223
4 2 4705 421.417
4 3 7507 47.5221
4 4 0 0
4 5 8334 613.961
4 6 6684 91.7478
4 7 451 973.896
4 8 386 27.3797
4 9 6112 466.469
4 10 2008 179.472
4 11 2809 13.6325
4 12 4284 29.2109
4 13 102 98.6706
4 14 79 107.477
4 15 4220 44.6879
4 16 7271 580.577
4 17 6624 47.9887
4 18 969 51.8779
4 19 4921 113.775
4 20 9124 890.862
5 1 4608 29.2679
5 2 4896 398.287
5 3 1808 187.336
5 4 5508 45.8851
5 5 0 0
5 6 6908 22.5932
5 7 4616 512.264
5 8 9410 49.4586
5 9 1196 43.7783
5 10 8530 804.525
5 11 5261 66.2195
5 12 7657 45.4324
5 13 6909 549.762
5 14 7251 428.731
5 15 3386 412.648
5 16 5527 876.734
5 17 5655 424.95
5 18 6806 96.4774
5 19 9432 190.102
5 20 3919 544.73
6 1 9082 395.128
6 2 579 100.077
6 3 3921 21.7974
6 4 7042 238.856
6 5 6396 130.119
6 6 0 0
6 7 8413 86.6534
6 8 7315 524.98
6 9 372 103.603
6 10 560 419.583
6 11 1553 45.4407
6 12 8272 97.4281
6 13 9842 95.0065
6 14 3574 484.439
6 15 8012 145.691
6 16 7669 21.1556
6 17 8053 469.684
6 18 2423 617.209
6 19 5396 105.599
6 20 2734 100.063
7 1 5633 87.8887
7 2 8975 395.303
7 3 4373 292.069
7 4 3133 833.509
7 5 8516 559.385
7 6 4125 888.43
7 7 0 0
7 8 6995 31.3291
7 9 1708 430.702
7 10 1215 925.614
7 11 1380 66.2801
7 12 1634 552.364
7 13 9544 48.9033
7 14 3250 497.937
7 15 6977 83.9843
7 16 7352 272.724
7 17 1417 38.5436
7 18 1920 102.81
7 19 7275 967.245
7 20 1148 98.7856
8 1 3911 665.964
8 2 2478 681.155
8 3 4753 38.7835
8 4 9009 390.284
8 5 1440 808.568
8 6 1972 27.1244
8 7 4969 181.645
8 8 0 0
8 9 1750 37.3286
8 10 3070 791.731
8 11 5002 40.419
8 12 9292 89.6656
8 13 5028 169.757
8 14 7841 27.2378
8 15 9412 229.824
8 16 7761 594.163
8 17 2374 18.8903
8 18 1767 293.431
8 19 67 14.6176
8 20 6971 69.0428
9 1 1485 43.689
9 2 7527 211.176
9 3 2829 756.086
9 4 2674 523.983
9 5 9310 903.902
9 6 9635 47.3779
9 7 6979 79.3457
9 8 8693 125.659
9 9 0 0
9 10 6196 102.582
9 11 7760 62.0416
9 12 4308 461.566
9 13 3340 22.2487
9 14 1472 400.055
9 15 8477 35.614
9 16 1812 99.8337
9 17 4135 79.6932
9 18 6886 460.492
9 19 4740 186.141
9 20 9963 14.5524
10 1 3361 43.1928
10 2 8004 91.7084
10 3 8895 90.5181
10 4 1678 19.2877
10 5 1381 849.927
10 6 4902 31.8711
10 7 8948 54.9052
10 8 7632 21.5114
10 9 9681 315.8
10 10 0 0
10 11 3214 40.4541
10 12 1946 25.7513
10 13 9201 465.144
10 14 2815 63.4325
10 15 315 606.23
10 16 4532 396.947
10 17 4491 430.458
10 18 2207 600.666
10 19 963 281.35
10 20 4091 165.967
11 1 2988 46.0175
11 2 7499 90.9795
11 3 8087 566.869
11 4 9062 62.9626
11 5 116 320.324
11 6 2721 729.01
11 7 5354 545.158
11 8 2532 667.106
11 9 2037 88.1787
11 10 7109 45.9693
11 11 0 0
11 12 8838 66.6965
11 13 7189 459.127
11 14 1873 348.106
11 15 7248 15.0986
11 16 5857 402.949
11 17 5731 466.872
11 18 8250 92.6814
11 19 8318 499.088
11 20 1233 135.145
12 1 981 115.966
12 2 891 747.351
12 3 6882 42.3841
12 4 899 12.2949
12 5 2145 299.818
12 6 9785 668.773
12 7 488 82.6045
12 8 2434 888.581
12 9 2817 546.839
12 10 3844 39.1486
12 11 128 51.3871
12 12 0 0
12 13 8463 15.9963
12 14 5486 68.9935
12 15 1400 823.584
12 16 4292 38.7777
12 17 9578 75.4775
12 18 7373 467.01
12 19 6751 28.1385
12 20 3066 87.3759
13 1 8851 99.1237
13 2 8847 41.5609
13 3 163 416.566
13 4 1638 83.1073
13 5 3164 83.8259
13 6 6615 86.6229
13 7 9239 875.969
13 8 3247 53.0428
13 9 8016 101.648
13 10 4502 50.6803
13 11 8319 400.489
13 12 6107 109.268
13 13 0 0
13 14 9793 41.9348
13 15 9324 20.7839
13 16 5230 78.1996
13 17 4763 74.768
13 18 6419 555.973
13 19 3632 794.383
13 20 9594 516.046
14 1 6740 68.9541
14 2 4239 581.708
14 3 5934 754.034
14 4 1955 62.0389
14 5 763 106.074
14 6 4198 665.012
14 7 3658 51.6799
14 8 3437 63.3874
14 9 6761 81.7141
14 10 3706 58.7331
14 11 1023 106.211
14 12 8132 279.805
14 13 7531 40.1659
14 14 0 0
14 15 7124 47.3279
14 16 722 99.1229
14 17 6316 596.585
14 18 3422 207.604
14 19 8654 59.0516
14 20 1252 341.289
15 1 815 160.352
15 2 1711 874.183
15 3 2092 97.9586
15 4 2979 597.05
15 5 481 107.926
15 6 4391 47.5553
15 7 386 98.3779
15 8 47 28.593
15 9 8139 44.6773
15 10 1079 922.282
15 11 5205 76.684
15 12 3758 126.493
15 13 6183 860.781
15 14 4015 451.413
15 15 0 0
15 16 5892 73.2423
15 17 7418 104.42
15 18 5708 347.478
15 19 1312 477.272
15 20 7889 85.0379
16 1 8875 82.0674
16 2 3737 54.9869
16 3 9827 435.296
16 4 7226 70.9063
16 5 7714 37.0974
16 6 8821 81.2689
16 7 4023 40.7487
16 8 4044 956.595
16 9 7903 31.66
16 10 6318 41.5105
16 11 648 83.2626
16 12 2145 90.0451
16 13 1623 678.933
16 14 3498 30.2254
16 15 3510 289.999
16 16 0 0
16 17 7342 58.922
16 18 5477 819.173
16 19 5953 625.412
16 20 1860 89.1715
17 1 6895 534.012
17 2 5547 25.9077
17 3 5249 70.9191
17 4 1206 64.1194
17 5 9879 17.1579
17 6 1099 15.1127
17 7 1586 931.251
17 8 880 324.374
17 9 2752 27.4696
17 10 5613 849.693
17 11 4425 786.64
17 12 7077 83.5914
17 13 2443 448.189
17 14 6966 43.3335
17 15 4120 94.6648
17 16 7484 597.189
17 17 0 0
17 18 1124 92.5935
17 19 7509 37.5573
17 20 7014 253.591
18 1 36 77.6584
18 2 8126 801.153
18 3 305 912.402
18 4 7223 84.296
18 5 7377 21.3275
18 6 2389 78.2283
18 7 2109 75.2235
18 8 2752 313.133
18 9 5308 22.4195
18 10 7958 934.595
18 11 303 329.746
18 12 3260 111.362
18 13 7371 89.3456
18 14 888 565.104
18 15 5412 1005.5
18 16 2150 75.583
18 17 7333 70.768
18 18 0 0
18 19 2059 912.175
18 20 4268 56.0565
19 1 4840 69.7227
19 2 9231 496.854
19 3 6703 979.141
19 4 4384 830.727
19 5 6649 787.527
19 6 2292 287.728
19 7 983 664.668
19 8 6843 85.4994
19 9 7356 175.894
19 10 6349 723.304
19 11 4979 77.2797
19 12 9318 38.7963
19 13 3049 33.5387
19 14 650 316.221
19 15 2428 50.2867
19 16 4661 278.286
19 17 2022 25.7516
19 18 9605 42.7548
19 19 0 0
19 20 5871 865.909
20 1 7221 100.397
20 2 1666 605.92
20 3 7166 95.6359
20 4 4024 10.5032
20 5 1852 153.301
20 6 4373 16.4623
20 7 2475 42.4101
20 8 4275 927.233
20 9 1922 509.85
20 10 6399 77.963
20 11 6116 368.749
20 12 8046 109.777
20 13 4325 203.926
20 14 9594 444.065
20 15 7850 78.733
20 16 6183 87.4448
20 17 4890 57.2946
20 18 2614 16.0552
20 19 6691 201.934
20 20 0 0
316
179
88
346
147
56
278
193
43
294
371
48
214
465
225
85
167
107
59
351
