19
0.25
1 1 0 0
1 2 9820 61.6486
1 3 334 32.8523
1 4 8160 34.6872
1 5 8341 896.129
1 6 4028 21.2916
1 7 8255 58.9799
1 8 6013 61.4266
1 9 3542 777.301
1 10 7236 588.086
1 11 8386 37.972
1 12 197 74.2652
1 13 9044 840.975
1 14 5940 80.3241
1 15 2661 52.9025
1 16 1930 398.727
1 17 733 10.0144
1 18 4977 956.114
1 19 1940 38.1657
2 1 2079 26.5756
2 2 0 0
2 3 6969 662.45
2 4 2817 72.8779
2 5 4969 41.5601
2 6 6284 484.925
2 7 2882 30.1312
2 8 3388 73.4163
2 9 9436 48.5918
2 10 6524 53.8959
2 11 1395 148.579
2 12 3031 848.576
2 13 8431 413.747
2 14 1684 53.8822
2 15 5315 56.0287
2 16 9657 706.664
2 17 2870 27.2641
2 18 6000 87.4347
2 19 9427 71.4698
3 1 5053 28.3492
3 2 7949 63.2157
3 3 0 0
3 4 8953 437.993
3 5 4356 54.9086
3 6 6193 97.5158
3 7 3717 358.859
3 8 3269 711.164
3 9 3493 73.5315
3 10 7049 590.335
3 11 2221 102.495
3 12 9742 679.309
3 13 4588 85.9521
3 14 1404 487.244
3 15 5917 998.235
3 16 7801 954.944
3 17 9873 986.149
3 18 4399 407.453
3 19 6718 78.3781
4 1 3362 13.6443
4 2 7719 18.9604
4 3 1929 32.9181
4 4 0 0
4 5 2517 99.4134
4 6 7229 32.304
4 7 9098 64.4768
4 8 2907 89.219
4 9 3989 885.003
4 10 362 86.3203
4 11 1683 163.454
4 12 824 31.8396
4 13 6488 742.378
4 14 8102 320.097
4 15 721 23.5045
4 16 8645 83.9379
4 17 7179 65.1092
4 18 4328 11.9269
4 19 5341 29.0688
5 1 7582 909.35
5 2 4322 371.278
5 3 9054 14.0166
5 4 1530 526.349
5 5 0 0
5 6 7621 724.781
5 7 7069 40.4769
5 8 4461 14.5836
5 9 3905 425.225
5 10 7672 50.1172
5 11 7210 958.62
5 12 2393 43.7182
5 13 6676 15.3921
5 14 425 703.008
5 15 7004 108.742
5 16 4131 36.77
5 17 6440 14.0231
5 18 6448 931.939
5 19 7736 99.4936
6 1 5756 11.3697
6 2 7062 17.0413
6 3 4699 950.088
6 4 2678 395.925
6 5 5386 66.1377
6 6 0 0
6 7 7295 78.4841
6 8 3949 58.8695
6 9 747 38.3037
6 10 4761 30.2912
6 11 988 997.699
6 12 2961 28.849
6 13 5007 834.554
6 14 8819 924.96
6 15 1981 369.058
6 16 5166 61.8126
6 17 1076 53.2329
6 18 1243 71.8018
6 19 5991 799.973
7 1 6037 262.964
7 2 2195 15.2826
7 3 4722 614.785
7 4 1290 41.0013
7 5 2757 127.129
7 6 572 15.9852
7 7 0 0
7 8 5059 202.102
7 9 2996 30.6887
7 10 1386 101.63
7 11 8008 97.3101
7 12 4711 601.531
7 13 5239 26.8859
7 14 31 60.0021
7 15 1197 608.714
7 16 9445 545.351
7 17 2180 260.02
7 18 9376 22.8646
7 19 9124 83.2605
8 1 5070 756.739
8 2 4813 669.741
8 3 5452 764.65
8 4 8099 33.4377
8 5 7391 96.6207
8 6 8993 509.872
8 7 7912 308.686
8 8 0 0
8 9 9319 408.022
8 10 7900 25.6938
8 11 6117 19.3559
8 12 7749 650.215
8 13 4041 424.924
8 14 7334 217.659
8 15 3667 281.384
8 16 7939 668.925
8 17 8521 107.507
8 18 3054 539.822
8 19 4297 54.032
9 1 9174 776.412
9 2 5449 710.201
9 3 9765 458.573
9 4 9860 20.316
9 5 96 63.7062
9 6 8831 44.181
9 7 4008 78.6263
9 8 5660 17.0443
9 9 0 0
9 10 4982 103.061
9 11 7773 299.47
9 12 2565 919.688
9 13 8735 92.3628
9 14 8110 64.0098
9 15 9409 12.9634
9 16 3797 31.0711
9 17 3079 93.798
9 18 1706 24.5816
9 19 716 32.0842
10 1 1806 572.928
10 2 6537 57.0762
10 3 580 352.364
10 4 8188 344.674
10 5 1829 64.125
10 6 9253 612.307
10 7 7205 942.77
10 8 6667 750.298
10 9 7660 39.6275
10 10 0 0
10 11 4474 269.626
10 12 5630 615.418
10 13 4184 96.3471
10 14 4432 57.4107
10 15 8253 30.3737
10 16 8392 762.562
10 17 7318 66.9154
10 18 4891 85.6675
10 19 1208 862.185
11 1 1452 207.495
11 2 9630 57.8868
11 3 7756 86.6748
11 4 8107 25.4194
11 5 3865 103.068
11 6 1243 10.5885
11 7 5329 472.181
11 8 4233 849.663
11 9 3715 26.7966
11 10 3925 75.78
11 11 0 0
11 12 1590 157.146
11 13 4769 791.819
11 14 530 88.2661
11 15 7030 722.599
11 16 808 14.2396
11 17 8796 21.4416
11 18 2830 36.3332
11 19 7443 13.0395
12 1 8240 11.7911
12 2 2426 25.8649
12 3 6669 29.2909
12 4 2276 51.6964
12 5 2777 100.441
12 6 1100 91.8757
12 7 7779 475.384
12 8 3600 514.429
12 9 6814 23.9629
12 10 5815 133.547
12 11 623 12.5337
12 12 0 0
12 13 3427 611.673
12 14 8139 80.4741
12 15 2563 63.2036
12 16 9978 572.426
12 17 4491 66.2659
12 18 4209 696.929
12 19 5702 875.913
13 1 3861 20.5494
13 2 4016 96.7854
13 3 6751 109.266
13 4 2133 657.867
13 5 4088 501.285
13 6 558 680.059
13 7 3609 976.005
13 8 2826 26.1785
13 9 5240 979.998
13 10 1659 53.304
13 11 7233 76.5328
13 12 4791 103.019
13 13 0 0
13 14 8129 35.8031
13 15 1839 76.6752
13 16 4701 325.006
13 17 7030 405.701
13 18 3808 42.58
13 19 1459 205.745
14 1 7435 92.4293
14 2 9517 77.6826
14 3 4951 267.775
14 4 3257 80.6768
14 5 3898 24.7352
14 6 200 614.865
14 7 9240 690.98
14 8 1861 18.0437
14 9 4275 345.271
14 10 2811 17.9106
14 11 8312 76.1013
14 12 8637 991.509
14 13 2191 845.311
14 14 0 0
14 15 2836 42.7912
14 16 8236 42.7167
14 17 7846 92.5732
14 18 7447 57.1474
14 19 3833 765.677
15 1 1209 44.84
15 2 9536 31.5649
15 3 4345 61.9208
15 4 4524 32.9076
15 5 4435 87.8292
15 6 7665 93.2184
15 7 2651 330.946
15 8 3876 512.609
15 9 9530 14.3925
15 10 7962 35.99
15 11 8908 556.236
15 12 9822 238.732
15 13 8517 513.135
15 14 2427 203.736
15 15 0 0
15 16 3773 987.362
15 17 1156 21.1788
15 18 536 40.3781
15 19 5811 710.694
16 1 3535 917.392
16 2 2947 70.4853
16 3 2261 97.3516
16 4 2104 14.8651
16 5 8935 23.8169
16 6 3770 90.3084
16 7 1599 12.4903
16 8 8261 73.8939
16 9 2943 107.31
16 10 3881 45.4561
16 11 5274 70.9046
16 12 4569 218.032
16 13 5599 917.196
16 14 5925 15.4937
16 15 5084 96.6905
16 16 0 0
16 17 7420 872.309
16 18 163 37.0225
16 19 7747 96.8943
17 1 1485 500.649
17 2 6734 466.288
17 3 7368 36.8469
17 4 2919 107.112
17 5 1348 834.132
17 6 7915 47.375
17 7 2444 94.8703
17 8 3450 85.2127
17 9 6066 37.7756
17 10 1360 412.953
17 11 6840 249.505
17 12 5747 101.193
17 13 7540 668.712
17 14 2106 94.9453
17 15 2392 278.269
17 16 7011 88.8677
17 17 0 0
17 18 1715 55.9328
17 19 4495 428.392
18 1 9122 478.952
18 2 7194 73.5911
18 3 6974 568.207
18 4 459 218.944
18 5 8828 104.268
18 6 6411 46.8463
18 7 7778 79.4325
18 8 4879 92.7461
18 9 3641 832.808
18 10 5500 557.272
18 11 4227 873.162
18 12 9987 50.7034
18 13 525 104.884
18 14 32 17.8219
18 15 8890 98.513
18 16 3522 648.042
18 17 4145 318.072
18 18 0 0
18 19 4809 81.9351
19 1 7079 34.5629
19 2 6103 83.561
19 3 5330 104.142
19 4 828 150.816
19 5 6659 746.751
19 6 3313 978.73
19 7 2889 102.794
19 8 9280 37.3108
19 9 4591 95.3674
19 10 7568 947.909
19 11 5222 41.4493
19 12 5621 452.753
19 13 3259 84.1081
19 14 3612 688.43
19 15 3873 99.0709
19 16 7368 103.613
19 17 4558 33.6259
19 18 622 105.887
19 19 0 0
324
115
130
442
184
467
207
258
383
262
379
254
105
139
103
169
103
485
89
