18
0.75
1 1 0 0
1 2 32 698.883
1 3 9747 153.329
1 4 2375 783.788
1 5 587 105.871
1 6 3890 831.119
1 7 3218 31.4441
1 8 5564 48.4107
1 9 440 14.7235
1 10 4118 553.38
1 11 7743 43.9547
1 12 7685 639.314
1 13 2328 10.3118
1 14 7607 33.8847
1 15 8558 338.105
1 16 2898 466.364
1 17 3478 876.175
1 18 9824 287.58
2 1 2192 37.4347
2 2 0 0
2 3 7306 181.685
2 4 1831 106.682
2 5 9197 82.5431
2 6 965 588.188
2 7 4995 801.917
2 8 6899 70.9338
2 9 8756 995.184
2 10 31 65.3613
2 11 379 24.4374
2 12 418 429.693
2 13 6755 923.428
2 14 3152 68.1885
2 15 6631 12.8096
2 16 871 104.094
2 17 8324 473.751
2 18 8661 47.0313
3 1 5173 71.9338
3 2 5398 13.1947
3 3 0 0
3 4 5258 832.579
3 5 7614 47.5343
3 6 1962 747.472
3 7 9715 55.2348
3 8 7673 869.516
3 9 7169 68.829
3 10 3235 651.789
3 11 3478 35.8859
3 12 6456 777.606
3 13 7773 634.393
3 14 4553 705.395
3 15 2974 35.8192
3 16 5228 350.219
3 17 1326 21.3161
3 18 394 64.3836
4 1 687 367.675
4 2 3170 23.2868
4 3 9189 76.133
4 4 0 0
4 5 5645 562.399
4 6 1294 89.1259
4 7 2520 941.523
4 8 2405 127.565
4 9 8663 779.079
4 10 7106 89.9492
4 11 8182 89.0689
4 12 7578 780.767
4 13 9813 690.666
4 14 9563 994.137
4 15 5489 15.1493
4 16 9116 512.072
4 17 2194 46.7821
4 18 3630 57.132
5 1 3741 28.7912
5 2 1787 35.5068
5 3 6537 22.5137
5 4 5666 75.7633
5 5 0 0
5 6 6341 54.0848
5 7 8151 21.6569
5 8 4572 953.655
5 9 4766 78.9714
5 10 6506 107.914
5 11 4344 60.732
5 12 1256 63.2454
5 13 8822 404.757
5 14 8368 30.739
5 15 289 524.189
5 16 7975 77.2829
5 17 950 826.177
5 18 8402 615.564
6 1 5977 603.387
6 2 4969 67.0906
6 3 603 479.644
6 4 8932 50.7165
6 5 1322 162.549
6 6 0 0
6 7 2177 60.5286
6 8 8735 266.067
6 9 8575 27.5659
6 10 1509 954.727
6 11 3454 557.408
6 12 6251 13.5196
6 13 9017 101.016
6 14 6649 550.127
6 15 6427 406.413
6 16 8443 676.93
6 17 4484 616.747
6 18 7441 351.001
7 1 9330 62.7326
7 2 142 616.568
7 3 4380 79.5297
7 4 2967 83.7167
7 5 7023 431.894
7 6 3054 82.8614
7 7 0 0
7 8 1755 174.648
7 9 7088 272.45
7 10 7875 51.6777
7 11 8837 93.5019
7 12 262 13.1365
7 13 6478 688.643
7 14 4787 69.3032
7 15 3591 390.094
7 16 1571 643.217
7 17 7344 933.307
7 18 4219 730.007
8 1 1126 440.484
8 2 5741 217.285
8 3 6593 65.5697
8 4 2418 741.787
8 5 8142 921.214
8 6 8923 48.705
8 7 4567 671.668
8 8 0 0
8 9 4975 91.53
8 10 1866 419.762
8 11 1891 995.182
8 12 1477 103.797
8 13 9066 945.062
8 14 9143 68.3201
8 15 1853 32.3388
8 16 3822 392.951
8 17 7898 76.8457
8 18 4811 785.202
9 1 7530 54.0355
9 2 9430 95.8092
9 3 7213 450.178
9 4 1691 678.111
9 5 3599 42.0574
9 6 7166 958.795
9 7 1229 35.3343
9 8 2401 107.707
9 9 0 0
9 10 3512 89.8608
9 11 6646 41.1001
9 12 8098 904.338
9 13 3086 191.837
9 14 1659 19.6805
9 15 4388 45.9247
9 16 6047 49.965
9 17 5083 435.297
9 18 8088 1001.89
10 1 184 841.205
10 2 3162 95.4466
10 3 2297 20.0376
10 4 5803 33.0602
10 5 1361 70.4441
10 6 7188 109.967
10 7 2472 43.4461
10 8 1394 19.9759
10 9 9372 23.3666
10 10 0 0
10 11 9197 81.8368
10 12 9074 17.7254
10 13 5529 69.3273
10 14 109 103.488
10 15 329 887.287
10 16 7368 870.838
10 17 3359 981.348
10 18 9165 74.8993
11 1 5533 571.885
11 2 7005 752.082
11 3 3453 148.378
11 4 6106 10.4117
11 5 3716 326.364
11 6 3444 883.728
11 7 4640 108.721
11 8 9051 561.147
11 9 6115 757.379
11 10 3842 77.2708
11 11 0 0
11 12 6620 78.6382
11 13 498 198.052
11 14 557 70.3013
11 15 1239 102.315
11 16 2727 989.677
11 17 4536 637.051
11 18 2611 975.649
12 1 1811 236.074
12 2 7146 478.77
12 3 2156 79.3403
12 4 5664 103.342
12 5 5416 298.572
12 6 4433 99.2535
12 7 8264 473.674
12 8 8686 17.9242
12 9 8525 342.513
12 10 6946 168.369
12 11 7928 53.4097
12 12 0 0
12 13 8837 12.0536
12 14 9386 98.9032
12 15 8740 78.858
12 16 8784 991.064
12 17 2876 518.568
12 18 8116 50.9468
13 1 6964 78.7881
13 2 3134 76.0172
13 3 72 210.068
13 4 5121 304.778
13 5 4629 59.5449
13 6 7415 559.461
13 7 7321 22.9521
13 8 967 102.201
13 9 8852 124.982
13 10 7885 41.1448
13 11 5657 444.563
13 12 8543 474.003
13 13 0 0
13 14 3783 36.8202
13 15 3988 18.8662
13 16 7322 97.5604
13 17 4578 95.6416
13 18 6970 734.501
14 1 3808 423.275
14 2 6862 31.131
14 3 565 11.1143
14 4 5885 37.6447
14 5 1508 96.4642
14 6 5959 783.708
14 7 8889 506.546
14 8 5521 699.077
14 9 3749 381.837
14 10 255 443.857
14 11 133 573.717
14 12 8518 84.2483
14 13 8286 57.8722
14 14 0 0
14 15 7555 191.901
14 16 9639 63.9902
14 17 1322 222.897
14 18 9028 50.0954
15 1 4229 408.85
15 2 5202 80.2035
15 3 2067 95.9968
15 4 8497 10.2172
15 5 5458 15.0656
15 6 8156 22.0402
15 7 7180 62.2858
15 8 5484 79.2587
15 9 666 103.592
15 10 6511 85.2693
15 11 7007 768.553
15 12 5828 108.678
15 13 7553 39.3778
15 14 9151 414.06
15 15 0 0
15 16 783 83.0896
15 17 9311 495.597
15 18 1654 77.9306
16 1 7344 68.8471
16 2 594 39.9554
16 3 3715 596.265
16 4 2893 104.515
16 5 2705 16.5283
16 6 6899 41.8504
16 7 5731 23.8668
16 8 2982 99.4925
16 9 9874 923.461
16 10 8341 99.2957
16 11 5939 808.897
16 12 8659 592.168
16 13 7824 662.005
16 14 8813 419.362
16 15 5855 263.09
16 16 0 0
16 17 4154 98.5224
16 18 5776 26.5732
17 1 9218 106.786
17 2 6292 739.042
17 3 5153 28.2903
17 4 5686 108.123
17 5 7023 826.598
17 6 6182 792.611
17 7 9676 73.1958
17 8 7215 133.192
17 9 8276 34.3088
17 10 412 295.424
17 11 9126 664.26
17 12 1553 18.0492
17 13 3356 14.9717
17 14 2542 251.241
17 15 103 34.3536
17 16 2984 366.154
17 17 0 0
17 18 7605 175.361
18 1 4155 626.307
18 2 4396 87.4272
18 3 5227 105.776
18 4 2378 40.5442
18 5 5183 100.681
18 6 9869 685.318
18 7 4777 80.0269
18 8 2199 88.0558
18 9 7145 59.8353
18 10 7441 515.658
18 11 954 31.1836
18 12 837 96.9975
18 13 7596 375.302
18 14 3358 873.547
18 15 7342 471.495
18 16 5840 98.819
18 17 4005 42.6533
18 18 0 0
227
262
458
177
407
21
389
200
40
188
155
215
345
344
139
431
292
289
