20
0.75
1 1 0 0
1 2 9290 229.169
1 3 700 98.7824
1 4 9012 87.2834
1 5 420 688.085
1 6 433 417.979
1 7 485 790.845
1 8 4811 66.759
1 9 1743 793.947
1 10 2074 97.082
1 11 9580 422.533
1 12 856 87.641
1 13 5450 88.15
1 14 3032 421.768
1 15 5135 51.6569
1 16 1194 98.6808
1 17 4369 121.434
1 18 420 841.954
1 19 8566 21.2771
1 20 2832 247.5
2 1 4459 850.834
2 2 0 0
2 3 8924 18.9595
2 4 8706 37.8269
2 5 2073 52.0335
2 6 666 77.0793
2 7 1221 117.649
2 8 799 343.418
2 9 9365 47.1546
2 10 3630 382.938
2 11 2238 33.2652
2 12 7915 53.7526
2 13 8682 58.7952
2 14 3829 476.949
2 15 7703 28.6038
2 16 2022 988.897
2 17 852 533.609
2 18 980 238.155
2 19 2889 883.38
2 20 7744 36.8728
3 1 7287 57.2582
3 2 9945 307.588
3 3 0 0
3 4 8946 924.426
3 5 1500 19.9504
3 6 9407 644.325
3 7 9349 940.654
3 8 6461 50.5061
3 9 4640 954.353
3 10 1905 75.9964
3 11 5028 48.3847
3 12 6224 238.774
3 13 4676 53.2245
3 14 1195 93.5093
3 15 4707 62.6912
3 16 269 88.5974
3 17 3602 13.2611
3 18 4430 947.617
3 19 3972 618.642
3 20 6677 389.103
4 1 966 630.546
4 2 7764 80.5909
4 3 2013 96.7845
4 4 0 0
4 5 1630 160.106
4 6 1648 611.488
4 7 5896 698.939
4 8 8431 608.498
4 9 1273 319.062
4 10 5276 44.424
4 11 4124 942.187
4 12 8001 104.628
4 13 61 423.401
4 14 4885 90.6122
4 15 5124 52.2034
4 16 9723 27.5563
4 17 182 26.6214
4 18 2262 38.3106
4 19 5311 79.2507
4 20 2142 66.3864
5 1 7397 596.735
5 2 5684 52.1083
5 3 2032 460.755
5 4 6313 914.525
5 5 0 0
5 6 9555 31.4639
5 7 9305 31.619
5 8 3919 446.089
5 9 3666 670.311
5 10 4851 931.465
5 11 8258 167.17
5 12 1506 986.067
5 13 1273 85.7258
5 14 1229 131.29
5 15 2786 784.071
5 16 4309 593.446
5 17 3781 79.9521
5 18 6498 733.784
5 19 7411 355.173
5 20 4953 172.187
6 1 396 58.3889
6 2 1721 75.4517
6 3 3052 70.6259
6 4 2390 38.5399
6 5 9797 115.337
6 6 0 0
6 7 6510 882.194
6 8 4005 18.0063
6 9 5653 78.8336
6 10 1637 89.397
6 11 570 219.5
6 12 7763 87.1153
6 13 5360 42.822
6 14 7108 56.7436
6 15 8693 70.9882
6 16 4849 216.315
6 17 1891 171.259
6 18 9372 78.9354
6 19 2951 10.6788
6 20 195 559.652
7 1 7474 988.256
7 2 9640 224.066
7 3 1302 51.4252
7 4 7614 564.88
7 5 2554 49.321
7 6 7351 60.5301
7 7 0 0
7 8 7494 310.912
7 9 941 82.7802
7 10 7825 13.0721
7 11 997 103.345
7 12 1516 791.169
7 13 3391 83.6058
7 14 7962 292.01
7 15 2358 83.5395
7 16 575 726.908
7 17 4060 507.513
7 18 9905 62.0692
7 19 3678 75.864
7 20 3032 929.363
8 1 9973 1001.2
8 2 2489 105.354
8 3 1150 25.8865
8 4 3721 104.94
8 5 1912 18.2288
8 6 6481 98.1997
8 7 2473 968.404
8 8 0 0
8 9 7440 61.7826
8 10 6923 82.1522
8 11 293 268.846
8 12 3206 23.6584
8 13 9505 100.439
8 14 9370 550.522
8 15 8791 35.9044
8 16 5424 57.4208
8 17 530 84.0896
8 18 9368 462.316
8 19 5641 75.8998
8 20 491 76.1856
9 1 4859 28.8691
9 2 9274 280.225
9 3 8383 849.91
9 4 3701 688.915
9 5 1324 533.298
9 6 9214 665.069
9 7 3379 24.7767
9 8 3449 728.3
9 9 0 0
9 10 780 96.418
9 11 7983 20.61
9 12 8735 112.702
9 13 6069 87.3347
9 14 6310 20.9232
9 15 8299 73.8953
9 16 9538 663.223
9 17 3749 836.612
9 18 2844 676.349
9 19 9657 64.4331
9 20 3012 104.927
10 1 3998 96.8677
10 2 5890 544.185
10 3 8981 30.4638
10 4 6477 26.6192
10 5 4235 97.452
10 6 7978 41.8863
10 7 6497 70.8693
10 8 1568 228.217
10 9 3721 898.331
10 10 0 0
10 11 8676 81.3513
10 12 2074 436.276
10 13 4406 624.96
10 14 6883 836.095
10 15 8780 42.9906
10 16 1183 976.304
10 17 7793 51.4204
10 18 6287 29.6904
10 19 9527 979.474
10 20 3596 889.681
11 1 1943 655.824
11 2 1701 142.082
11 3 7204 454.557
11 4 7187 78.5949
11 5 424 72.9607
11 6 3225 48.4761
11 7 3888 11.5307
11 8 4656 184.469
11 9 9278 698.856
11 10 4248 234.82
11 11 0 0
11 12 8277 846.793
11 13 1675 484.042
11 14 1142 10.5244
11 15 2570 974.584
11 16 4938 566.701
11 17 8373 808.213
11 18 6165 66.3641
11 19 9941 27.1848
11 20 8902 33.1526
12 1 8266 970.894
12 2 4457 258.28
12 3 2504 26.5038
12 4 4481 147.442
12 5 1148 790.451
12 6 3035 102.016
12 7 1626 98.6477
12 8 8105 74.5704
12 9 6617 71.2044
12 10 9802 992.403
12 11 834 736.254
12 12 0 0
12 13 9663 733.279
12 14 4584 71.93
12 15 3650 64.6402
12 16 7713 959.139
12 17 3017 523.461
12 18 3633 96.8976
12 19 9140 50.0443
12 20 3424 133.171
13 1 3847 221.628
13 2 3334 45.467
13 3 2485 787.118
13 4 9579 325.765
13 5 2641 454.652
13 6 9167 179.024
13 7 4431 55.3466
13 8 666 95.4676
13 9 8951 180.869
13 10 5449 975.685
13 11 9159 51.0971
13 12 6278 748.253
13 13 0 0
13 14 7776 918.425
13 15 8111 26.9768
13 16 8843 78.7319
13 17 1748 608.52
13 18 7032 693.822
13 19 7728 96.3386
13 20 9112 12.369
14 1 5641 91.0436
14 2 6637 845.67
14 3 5549 18.1794
14 4 3212 37.5061
14 5 5641 23.875
14 6 3774 302.161
14 7 8556 291.697
14 8 6757 66.4954
14 9 1394 140.018
14 10 9748 47.1239
14 11 7312 28.0603
14 12 214 78.128
14 13 5949 94.8995
14 14 0 0
14 15 7851 756.131
14 16 1110 452.092
14 17 2600 498.548
14 18 4019 43.0151
14 19 8182 145.925
14 20 9521 369.336
15 1 1406 865.061
15 2 84 89.3967
15 3 3709 151.742
15 4 7791 40.9355
15 5 5904 13.5059
15 6 2178 237.28
15 7 7427 15.5786
15 8 4142 217.896
15 9 425 292.131
15 10 9658 972.313
15 11 5923 121.828
15 12 5628 85.4366
15 13 3471 80.0363
15 14 6088 795.49
15 15 0 0
15 16 9028 101.539
15 17 5504 99.3572
15 18 3861 43.0338
15 19 7873 79.3998
15 20 9744 36.6249
16 1 5287 113.587
16 2 9544 346.029
16 3 8616 43.4815
16 4 6166 290.547
16 5 2410 95.4505
16 6 9649 151.589
16 7 9383 98.793
16 8 5425 63.5621
16 9 4023 67.3208
16 10 1901 43.0843
16 11 889 104.445
16 12 6861 783.371
16 13 1222 682.66
16 14 410 53.6287
16 15 4486 215.994
16 16 0 0
16 17 4888 301.135
16 18 225 736.77
16 19 6323 84.0179
16 20 3313 397.147
17 1 5337 885.571
17 2 6469 58.7581
17 3 5423 195.489
17 4 1771 91.124
17 5 3844 938.851
17 6 5115 439.034
17 7 1670 377.162
17 8 5243 93.4775
17 9 1338 82.5443
17 10 3817 46.9506
17 11 6904 470.959
17 12 345 276.054
17 13 5779 898.375
17 14 2751 673.954
17 15 8932 937.603
17 16 4137 105.987
17 17 0 0
17 18 7128 71.5263
17 19 7556 13.5366
17 20 7506 20.8112
18 1 3349 46.9122
18 2 4515 401.602
18 3 202 516.397
18 4 7651 667.959
18 5 6428 71.9658
18 6 7755 16.4154
18 7 8395 52.7735
18 8 2833 926.394
18 9 8661 92.1266
18 10 9753 879.121
18 11 1488 810.138
18 12 4474 11.4639
18 13 6753 358.67
18 14 4794 339.338
18 15 6726 138.956
18 16 1614 92.8648
18 17 2360 367.266
18 18 0 0
18 19 7727 153.844
18 20 9384 565.544
19 1 5280 52.714
19 2 4049 494.078
19 3 2212 19.5861
19 4 322 82.345
19 5 5075 73.2898
19 6 5900 722.58
19 7 8252 636.45
19 8 1062 40.2112
19 9 4819 79.9437
19 10 301 443.686
19 11 4118 64.0227
19 12 1074 137.172
19 13 7222 66.3642
19 14 7076 34.124
19 15 838 676.363
19 16 8865 506.971
19 17 1232 45.272
19 18 4751 39.7766
19 19 0 0
19 20 1465 85.9844
20 1 559 665.348
20 2 694 815.545
20 3 4329 17.9554
20 4 2950 287.515
20 5 1033 410.89
20 6 5329 89.8351
20 7 3338 809.235
20 8 1786 542.499
20 9 2286 92.679
20 10 9904 49.3741
20 11 6015 324.096
20 12 2706 30.6499
20 13 8907 153.723
20 14 5019 70.9847
20 15 9607 710.731
20 16 9344 23.9824
20 17 6602 570.024
20 18 2689 683.912
20 19 9506 117.937
20 20 0 0
467
433
407
390
448
281
134
155
201
112
414
302
251
434
205
125
393
290
458
237
