16
0.5
1 1 0 0
1 2 572 162.977
1 3 6161 67.6266
1 4 1242 28.5343
1 5 6375 746.347
1 6 6013 27.9426
1 7 9865 345.097
1 8 1133 448.959
1 9 8310 940.626
1 10 8970 201.409
1 11 1590 62.884
1 12 5646 24.1562
1 13 7389 55.5588
1 14 8547 56.0133
1 15 6608 283.107
1 16 9011 466.519
2 1 629 57.6268
2 2 0 0
2 3 26 814.89
2 4 5315 923.514
2 5 9776 375.303
2 6 9205 24.3899
2 7 1235 34.7749
2 8 5243 104.478
2 9 694 22.0028
2 10 7040 138.259
2 11 3136 317.501
2 12 2645 928.733
2 13 8225 102.322
2 14 7071 28.5625
2 15 5770 609.286
2 16 1271 107.33
3 1 1577 629.485
3 2 9964 79.0831
3 3 0 0
3 4 6240 773.6
3 5 8001 33.1351
3 6 1620 215.783
3 7 3112 500.969
3 8 8693 31.3791
3 9 3144 823.207
3 10 7480 229.844
3 11 4319 635.11
3 12 1603 567.844
3 13 4979 169.609
3 14 8187 98.5992
3 15 6128 29.7127
3 16 2706 46.6121
4 1 9635 859.493
4 2 1192 22.3511
4 3 108 1003.06
4 4 0 0
4 5 5346 381.67
4 6 3033 72.4628
4 7 6022 99.5839
4 8 8254 443.052
4 9 4971 28.1043
4 10 6867 35.984
4 11 984 89.7704
4 12 4104 112.134
4 13 7930 19.1865
4 14 7982 95.9219
4 15 387 599.821
4 16 8212 892.956
5 1 5432 81.192
5 2 9977 706.197
5 3 1810 536.617
5 4 3524 976.782
5 5 0 0
5 6 3120 13.9826
5 7 2218 961.532
5 8 283 202.87
5 9 2360 107.763
5 10 5240 21.9018
5 11 9109 93.6881
5 12 1934 85.6327
5 13 1671 53.52
5 14 9650 43.1103
5 15 4059 446.049
5 16 1026 94.1143
6 1 9610 624.514
6 2 9446 70.5656
6 3 8077 948.078
6 4 1965 614.847
6 5 2808 107.763
6 6 0 0
6 7 7286 78.1061
6 8 4126 71.0973
6 9 7934 210.421
6 10 3681 640.447
6 11 938 26.0892
6 12 7986 599.458
6 13 1633 28.2808
6 14 6161 63.9225
6 15 3200 21.5084
6 16 5842 34.9534
7 1 5946 56.2515
7 2 8002 13.6114
7 3 9283 54.1946
7 4 654 216.629
7 5 9287 306.945
7 6 4655 762.719
7 7 0 0
7 8 8976 535.485
7 9 1590 90.8111
7 10 2152 588.228
7 11 2255 105.485
7 12 3712 784.867
7 13 2107 89.4596
7 14 1813 459.241
7 15 8834 781.912
7 16 4523 29.8657
8 1 8964 580.62
8 2 1767 512.315
8 3 2378 609.397
8 4 8875 89.9944
8 5 9574 80.8804
8 6 7285 313.609
8 7 5644 275.42
8 8 0 0
8 9 2427 215.209
8 10 8270 42.3398
8 11 3208 35.0434
8 12 5474 157.208
8 13 2111 613.18
8 14 2048 646.63
8 15 504 796.782
8 16 4326 16.5144
9 1 2060 59.6671
9 2 3302 64.3878
9 3 6053 34.2879
9 4 8652 13.562
9 5 9050 22.873
9 6 2886 91.9155
9 7 1168 869.612
9 8 2871 785.588
9 9 0 0
9 10 5939 47.5192
9 11 6170 33.6653
9 12 4877 41.4825
9 13 3067 394.573
9 14 1903 250.494
9 15 9552 43.1828
9 16 2142 53.0488
10 1 3254 745.129
10 2 1852 91.6374
10 3 9704 27.6536
10 4 5539 51.5013
10 5 8234 43.175
10 6 7362 645.549
10 7 6560 640.022
10 8 5122 590.586
10 9 1825 702.452
10 10 0 0
10 11 1293 299.016
10 12 3086 72.0713
10 13 6325 844.75
10 14 9473 63.4308
10 15 932 366.017
10 16 1204 96.6572
11 1 7321 89.1374
11 2 8638 106.684
11 3 7513 25.6928
11 4 7296 614.522
11 5 9343 355.241
11 6 6353 60.7814
11 7 7563 921.397
11 8 4143 51.56
11 9 8963 89.6014
11 10 7962 437.828
11 11 0 0
11 12 16 557.697
11 13 3648 57.0446
11 14 4631 590.649
11 15 4867 21.8798
11 16 6612 51.6723
12 1 9306 100.491
12 2 8906 328.492
12 3 7265 483.839
12 4 439 64.7487
12 5 7615 964.451
12 6 6084 36.4794
12 7 3208 409.122
12 8 5546 80.24
12 9 8222 61.69
12 10 3060 63.5073
12 11 4058 14.5936
12 12 0 0
12 13 7950 77.0201
12 14 7413 252.618
12 15 8272 307.496
12 16 5108 29.0853
13 1 1829 10.9344
13 2 5756 554.343
13 3 9175 772.69
13 4 8656 92.1311
13 5 8790 42.473
13 6 1626 628.187
13 7 3517 219.496
13 8 8377 20.0554
13 9 7647 445.464
13 10 2992 38.1736
13 11 8728 986.699
13 12 2167 78.0505
13 13 0 0
13 14 3308 36.2367
13 15 9488 441.906
13 16 9220 413.857
14 1 9118 368.813
14 2 4840 211.685
14 3 1643 35.0965
14 4 3144 990.492
14 5 7079 947.753
14 6 119 87.1997
14 7 8349 435.31
14 8 4976 48.1207
14 9 1899 74.7291
14 10 7340 84.046
14 11 711 29.5788
14 12 9718 15.921
14 13 8663 10.9268
14 14 0 0
14 15 1311 273.557
14 16 5934 154.596
15 1 346 93.4897
15 2 6375 44.3803
15 3 9778 225.658
15 4 6082 223.152
15 5 3944 25.7596
15 6 4858 47.3719
15 7 451 489.708
15 8 591 78.5059
15 9 8 1009.83
15 10 9997 869.479
15 11 2606 555.748
15 12 3861 13.5333
15 13 8631 406.286
15 14 6578 664.842
15 15 0 0
15 16 838 252.909
16 1 630 66.4343
16 2 7778 987.958
16 3 7122 695.437
16 4 6656 103.775
16 5 9525 81.5378
16 6 5512 966.084
16 7 8386 83.7065
16 8 9198 58.3631
16 9 6574 586.99
16 10 1467 674.432
16 11 7571 496.418
16 12 2891 33.8734
16 13 9851 108.059
16 14 7112 81.2917
16 15 5987 709.267
16 16 0 0
409
443
100
428
329
11
420
27
53
15
453
25
442
273
484
351
