14
0.25
1 1 0 0
1 2 1912 47.7186
1 3 8703 12.5812
1 4 3168 610.796
1 5 7763 68.2223
1 6 8362 56.5413
1 7 6974 98.4923
1 8 8005 19.8211
1 9 9926 337.848
1 10 1483 32.3729
1 11 1162 53.0744
1 12 305 1009.41
1 13 7856 46.7997
1 14 9432 92.4314
2 1 5911 49.2462
2 2 0 0
2 3 7555 461.307
2 4 5950 748.176
2 5 5839 46.2594
2 6 3321 924.92
2 7 3785 94.0036
2 8 695 105.164
2 9 1896 585.157
2 10 3207 73.2968
2 11 9391 104.401
2 12 8843 583.905
2 13 2845 32.7603
2 14 3530 32.9044
3 1 7294 289.296
3 2 1878 84.8805
3 3 0 0
3 4 6757 50.4765
3 5 96 20.1981
3 6 1398 58.8248
3 7 6223 611.284
3 8 5980 56.6902
3 9 3836 78.5897
3 10 7555 94.0493
3 11 1851 987.232
3 12 7346 108.103
3 13 4749 960.114
3 14 7635 222.317
4 1 6543 1001.37
4 2 9932 340.357
4 3 810 32.8676
4 4 0 0
4 5 7035 64.329
4 6 1687 73.163
4 7 9734 45.304
4 8 6026 76.9868
4 9 9219 330.288
4 10 1504 676.896
4 11 9849 634.611
4 12 745 43.4697
4 13 4886 855.108
4 14 521 644.684
5 1 4505 13.5165
5 2 2583 109.056
5 3 9949 17.4782
5 4 9449 61.5426
5 5 0 0
5 6 4613 345.4
5 7 2736 91.3998
5 8 2048 710.025
5 9 9305 408.248
5 10 957 20.6457
5 11 4752 35.468
5 12 563 53.9987
5 13 3426 543.14
5 14 824 27.8789
6 1 3016 92.1438
6 2 5502 53.832
6 3 8332 20.4704
6 4 6254 58.8002
6 5 6905 18.3234
6 6 0 0
6 7 3180 88.7537
6 8 5011 941.271
6 9 2265 84.3109
6 10 9272 287.383
6 11 6777 26.5721
6 12 8162 771.163
6 13 9452 83.3578
6 14 6220 50.3254
7 1 6322 447.087
7 2 5958 55.9689
7 3 2227 60.4529
7 4 3661 426.715
7 5 3487 840.931
7 6 3505 792.342
7 7 0 0
7 8 9002 271.511
7 9 9928 353.22
7 10 2084 64.2895
7 11 6434 205.937
7 12 9364 126.342
7 13 5626 10.4138
7 14 4524 267.57
8 1 3369 98.7286
8 2 560 101.875
8 3 5717 405.968
8 4 5914 862.073
8 5 1975 475.857
8 6 5972 68.7565
8 7 3409 16.9093
8 8 0 0
8 9 6264 517.335
8 10 9849 871.487
8 11 2013 224.782
8 12 8641 364.757
8 13 1095 31.2682
8 14 1642 63.1667
9 1 9553 599.095
9 2 7958 65.0687
9 3 1371 187.605
9 4 2892 30.3427
9 5 1447 13.1409
9 6 3356 19.8636
9 7 4579 874.799
9 8 47 93.4426
9 9 0 0
9 10 3420 52.4233
9 11 8187 56.5152
9 12 7851 749.524
9 13 7768 60.886
9 14 4218 21.6381
10 1 2933 114.982
10 2 3052 680.598
10 3 7586 102.957
10 4 8515 98.6043
10 5 362 89.7579
10 6 2848 561.468
10 7 182 16.646
10 8 7137 83.8525
10 9 6922 51.9735
10 10 0 0
10 11 7864 585.948
10 12 8641 36.592
10 13 9956 568.743
10 14 7131 106.175
11 1 3663 43.6437
11 2 7918 99.7578
11 3 4888 109.993
11 4 5669 866.18
11 5 1903 1007.99
11 6 9495 11.4461
11 7 2755 55.6274
11 8 3054 511.038
11 9 9636 45.2178
11 10 301 51.104
11 11 0 0
11 12 2053 76.6452
11 13 8528 19.302
11 14 3420 165.234
12 1 2854 287.329
12 2 5017 934.454
12 3 7760 93.6135
12 4 7909 531.231
12 5 625 106.124
12 6 7898 675.795
12 7 6428 910.843
12 8 6505 740.838
12 9 293 14.1825
12 10 8154 73.1382
12 11 5639 15.0976
12 12 0 0
12 13 6580 46.707
12 14 818 41.8186
13 1 2570 42.4062
13 2 2405 970.645
13 3 8964 503.854
13 4 2203 492.432
13 5 5607 98.8133
13 6 2838 57.3944
13 7 4518 95.7793
13 8 9184 329.261
13 9 2505 297.98
13 10 2735 771.939
13 11 9369 765.601
13 12 4219 735.24
13 13 0 0
13 14 7635 27.1892
14 1 1956 54.7737
14 2 7485 69.3878
14 3 2627 37.6767
14 4 5910 599.423
14 5 754 78.7081
14 6 2717 94.707
14 7 464 1003.84
14 8 8108 973.536
14 9 3557 287.379
14 10 140 13.1498
14 11 9404 99.1687
14 12 4129 768.789
14 13 7171 46.3643
14 14 0 0
177
410
147
449
16
353
477
234
416
47
198
214
477
158
