11
0.5
1 1 0 0
1 2 7609 89.1076
1 3 7103 56.9695
1 4 9727 68.3186
1 5 5171 105.528
1 6 9964 742.056
1 7 1896 780.895
1 8 456 821.206
1 9 8811 98.1724
1 10 4454 88.6365
1 11 4835 12.2348
2 1 5296 569.259
2 2 0 0
2 3 4854 340.742
2 4 604 381.566
2 5 8303 54.3001
2 6 1139 103.692
2 7 9991 60.0542
2 8 6016 62.0873
2 9 2703 596.381
2 10 9864 99.6998
2 11 728 283.05
3 1 7056 311.979
3 2 7927 40.9171
3 3 0 0
3 4 1924 56.6877
3 5 8473 765.177
3 6 2103 62.3667
3 7 4005 19.3298
3 8 6808 16.2556
3 9 480 81.3245
3 10 5799 746.602
3 11 7741 105.054
4 1 7096 89.1096
4 2 5121 59.3555
4 3 5271 29.5011
4 4 0 0
4 5 3625 91.1247
4 6 9002 863.349
4 7 7719 15.3371
4 8 8024 28.2208
4 9 4020 15.1067
4 10 4520 64.1672
4 11 6682 54.0388
5 1 8988 86.9563
5 2 6734 18.8455
5 3 4775 82.7805
5 4 67 69.181
5 5 0 0
5 6 913 62.5582
5 7 8453 73.9275
5 8 2677 184.759
5 9 9601 47.8948
5 10 986 272.878
5 11 3990 82.3546
6 1 2047 13.4002
6 2 5859 59.6225
6 3 9707 51.9387
6 4 5515 37.0364
6 5 8109 90.4334
6 6 0 0
6 7 9591 83.6621
6 8 3968 181.648
6 9 4400 170.847
6 10 5014 764.505
6 11 4313 78.9224
7 1 39 101.554
7 2 5640 234.552
7 3 6236 76.5613
7 4 3450 53.3733
7 5 908 350.16
7 6 7612 33.8244
7 7 0 0
7 8 3986 191.354
7 9 1701 45.17
7 10 4778 810.348
7 11 4089 78.9714
8 1 2669 607.958
8 2 9506 166.871
8 3 7685 844.164
8 4 1983 45.7643
8 5 8819 88.649
8 6 5459 656.286
8 7 355 10.9584
8 8 0 0
8 9 6184 35.2667
8 10 5253 108.159
8 11 2194 492.513
9 1 3703 100.187
9 2 1827 400.246
9 3 2424 54.3852
9 4 5203 492.079
9 5 4735 785.291
9 6 6425 22.7823
9 7 8921 71.3335
9 8 6190 50.3477
9 9 0 0
9 10 2634 669.095
9 11 9617 23.4694
10 1 1454 529.5
10 2 4536 739.053
10 3 4503 997.906
10 4 3943 971.671
10 5 6307 18.4082
10 6 2502 79.5298
10 7 9198 43.5632
10 8 7677 38.0232
10 9 2343 797.003
10 10 0 0
10 11 1622 45.4224
11 1 9605 15.0868
11 2 5312 57.4892
11 3 8249 88.3167
11 4 2455 819.856
11 5 3560 101.26
11 6 6736 887.896
11 7 3794 45.2023
11 8 8737 43.5941
11 9 4101 95.4916
11 10 1492 10.7109
11 11 0 0
104
265
16
141
77
22
133
178
180
301
133
