13
0.75
1 1 0 0
1 2 4729 611.868
1 3 2557 512.866
1 4 1460 999.094
1 5 5674 598.667
1 6 5975 10.3761
1 7 8233 75.2846
1 8 810 60.1737
1 9 9218 731.687
1 10 504 12.0332
1 11 7417 959.898
1 12 2322 23.5471
1 13 1508 60.5096
2 1 3401 102.285
2 2 0 0
2 3 5498 70.0376
2 4 5889 922.712
2 5 8868 90.8616
2 6 7592 86.203
2 7 5123 143.79
2 8 9436 412.486
2 9 7158 10.5889
2 10 7692 35.8302
2 11 5620 19.8039
2 12 6316 582.88
2 13 316 61.7416
3 1 2966 105.392
3 2 3384 753.783
3 3 0 0
3 4 5338 657.049
3 5 9844 57.6445
3 6 2075 69.8695
3 7 9606 37.556
3 8 1268 239.583
3 9 5439 72.6301
3 10 1027 287.568
3 11 3142 96.3491
3 12 162 50.9066
3 13 8062 101.467
4 1 1428 43.1449
4 2 1069 276.232
4 3 8909 43.5616
4 4 0 0
4 5 9100 271.63
4 6 5410 109.417
4 7 163 678.712
4 8 1219 89.0348
4 9 8330 38.1925
4 10 3348 753.819
4 11 5810 98.743
4 12 7289 22.5312
4 13 1728 625.556
5 1 4252 703.265
5 2 648 86.0925
5 3 8075 92.4425
5 4 577 24.2067
5 5 0 0
5 6 6478 91.1889
5 7 5742 416.77
5 8 8687 54.4127
5 9 982 887.879
5 10 6011 461.81
5 11 9113 91.2969
5 12 132 53.78
5 13 7496 934.998
6 1 810 65.0124
6 2 1344 64.2761
6 3 3593 106.554
6 4 5879 19.6023
6 5 4050 89.7709
6 6 0 0
6 7 1916 489.661
6 8 3892 66.5483
6 9 7757 66.1516
6 10 8229 36.0795
6 11 569 500.001
6 12 7526 61.0765
6 13 862 327.259
7 1 7093 588.194
7 2 1085 18.3919
7 3 3873 21.6359
7 4 2453 51.9333
7 5 8989 18.1584
7 6 7120 238.425
7 7 0 0
7 8 2224 57.541
7 9 1257 61.5807
7 10 4866 21.0539
7 11 1126 18.4032
7 12 3319 67.8354
7 13 1571 415.392
8 1 4327 107.192
8 2 276 82.2057
8 3 398 63.369
8 4 7058 868.627
8 5 5721 519.837
8 6 6520 935.119
8 7 6950 39.471
8 8 0 0
8 9 4174 383.018
8 10 5888 508.52
8 11 9334 381.514
8 12 6743 98.0247
8 13 2166 54.576
9 1 7518 102.438
9 2 9397 68.0435
9 3 9206 985.44
9 4 5176 380.189
9 5 4227 264.683
9 6 3886 23.9688
9 7 1367 44.2463
9 8 3764 451.202
9 9 0 0
9 10 4866 529.822
9 11 8545 79.4684
9 12 3607 395.119
9 13 9041 77.2711
10 1 8319 795.885
10 2 19 30.0051
10 3 9044 441.016
10 4 2966 68.932
10 5 6558 85.8993
10 6 3140 61.8391
10 7 6987 282.904
10 8 2426 1004.45
10 9 9734 415.086
10 10 0 0
10 11 5661 13.8501
10 12 3618 763.323
10 13 9325 69.3884
11 1 9304 891.816
11 2 3207 35.0076
11 3 8858 63.7187
11 4 4848 34.1669
11 5 4160 745.036
11 6 9889 20.5312
11 7 4202 808.258
11 8 4617 83.8254
11 9 6883 515.735
11 10 3855 86.1418
11 11 0 0
11 12 3412 91.9663
11 13 3429 109.098
12 1 7793 739.785
12 2 575 388.537
12 3 2836 388.44
12 4 4849 259.315
12 5 2455 695.846
12 6 5614 83.1526
12 7 6071 93.9452
12 8 5792 514.109
12 9 7502 63.3694
12 10 3892 613.717
12 11 632 40.3497
12 12 0 0
12 13 7929 402.029
13 1 5275 48.7703
13 2 6008 573.422
13 3 2555 101.364
13 4 1002 94.3436
13 5 3364 49.1317
13 6 3257 320.605
13 7 2712 76.0688
13 8 4681 333.382
13 9 8722 558.762
13 10 47 97.4016
13 11 3502 64.0813
13 12 5953 38.4188
13 13 0 0
436
86
394
210
440
63
40
304
154
459
414
38
24
