17
0.5
1 1 0 0
1 2 3822 102.002
1 3 4505 22.8009
1 4 93 35.3974
1 5 3792 93.6045
1 6 222 68.129
1 7 786 126.414
1 8 5080 283.352
1 9 2063 84.5619
1 10 5944 88.3832
1 11 2991 109.308
1 12 4632 45.5289
1 13 5307 72.8166
1 14 5542 620.16
1 15 3236 295.92
1 16 3830 992.102
1 17 8806 357.022
2 1 9440 65.3816
2 2 0 0
2 3 6301 58.0556
2 4 4589 50.1258
2 5 6916 39.8086
2 6 7900 108.322
2 7 9090 96.1818
2 8 6337 548.729
2 9 2133 444.514
2 10 3312 82.9107
2 11 4631 767.223
2 12 3756 66.6673
2 13 844 997.666
2 14 9110 418.37
2 15 4110 664.917
2 16 8312 36.2353
2 17 2836 25.0699
3 1 1242 342.757
3 2 7271 16.25
3 3 0 0
3 4 7421 185.974
3 5 5561 264.468
3 6 5182 424.397
3 7 1364 102.911
3 8 9820 64.4231
3 9 9197 348.139
3 10 2486 420.143
3 11 7025 21.5533
3 12 1767 527.124
3 13 4960 32.5077
3 14 9840 62.5311
3 15 6590 409.928
3 16 7663 29.595
3 17 1557 56.7194
4 1 1867 36.1715
4 2 9536 108.077
4 3 4183 932.445
4 4 0 0
4 5 1004 195.063
4 6 8147 73.0441
4 7 5596 89.7308
4 8 1836 130.179
4 9 180 338.16
4 10 1611 188.475
4 11 3534 247.797
4 12 6792 59.379
4 13 9553 364.826
4 14 3221 485.82
4 15 5166 21.9127
4 16 5520 445.445
4 17 8228 85.7532
5 1 562 157.887
5 2 9943 792.486
5 3 4636 101.58
5 4 9823 106.222
5 5 0 0
5 6 3220 860.854
5 7 4648 135.943
5 8 3304 135.621
5 9 729 36.0032
5 10 7598 74.4708
5 11 2029 89.6774
5 12 2631 951.306
5 13 1948 70.3616
5 14 3867 28.3632
5 15 5107 887.304
5 16 7225 25.1827
5 17 9385 36.8915
6 1 178 219.338
6 2 3787 905.542
6 3 1218 522.588
6 4 616 700.919
6 5 7579 237.841
6 6 0 0
6 7 2998 34.3535
6 8 7998 76.1602
6 9 3246 884.192
6 10 5925 100.543
6 11 2827 663.656
6 12 6209 57.3704
6 13 9293 94.1392
6 14 7244 885.847
6 15 5584 11.2514
6 16 5243 18.926
6 17 4081 11.2969
7 1 4743 90.713
7 2 1867 40.7206
7 3 1626 57.541
7 4 3594 26.2597
7 5 9715 504.709
7 6 2349 607.369
7 7 0 0
7 8 2226 740.607
7 9 6943 549.133
7 10 8529 829.719
7 11 2320 61.3673
7 12 264 32.461
7 13 9877 23.6161
7 14 8969 135.632
7 15 4767 44.4848
7 16 3008 72.7253
7 17 3869 58.8602
8 1 3842 61.8018
8 2 1441 76.3564
8 3 3634 71.6157
8 4 4353 70.364
8 5 6596 96.9546
8 6 8360 490.038
8 7 5596 319.305
8 8 0 0
8 9 4229 272.777
8 10 7088 109.411
8 11 381 987.005
8 12 9753 15.2859
8 13 6098 19.7516
8 14 4054 22.3492
8 15 6162 23.9713
8 16 2855 25.9149
8 17 1579 108.893
9 1 7851 946.258
9 2 2352 486.548
9 3 8677 87.2396
9 4 189 328.509
9 5 1943 722.258
9 6 9811 694.25
9 7 7090 87.3617
9 8 8660 810.079
9 9 0 0
9 10 6842 287.308
9 11 8252 52.9916
9 12 9120 49.4062
9 13 8415 39.5378
9 14 7257 57.8713
9 15 5005 16.7917
9 16 1880 46.8216
9 17 1725 18.1003
10 1 2333 818.719
10 2 4633 177.519
10 3 5684 771.045
10 4 9378 468.842
10 5 3130 84.0949
10 6 2536 926.67
10 7 1827 258.783
10 8 4441 741.397
10 9 761 351.516
10 10 0 0
10 11 6891 142.001
10 12 8929 210.365
10 13 3635 680.103
10 14 4466 690.928
10 15 629 49.1988
10 16 57 802.211
10 17 599 827.856
11 1 7313 955.472
11 2 2522 957.453
11 3 2769 24.2309
11 4 9997 252.299
11 5 6720 103.167
11 6 3678 994.048
11 7 2233 209.502
11 8 2877 95.5344
11 9 6565 48.149
11 10 6066 27.2002
11 11 0 0
11 12 6147 532.257
11 13 418 920.969
11 14 7532 354.929
11 15 2072 202.354
11 16 5765 544.245
11 17 944 27.9323
12 1 2241 305.106
12 2 8046 74.264
12 3 5033 690.766
12 4 5387 25.0435
12 5 8941 106.832
12 6 226 393.193
12 7 979 136.461
12 8 8314 63.9639
12 9 5474 764.726
12 10 1387 982.088
12 11 3338 96.1828
12 12 0 0
12 13 8495 20.4874
12 14 1137 103.215
12 15 4025 71.9061
12 16 4109 60.0268
12 17 6000 692.309
13 1 1275 21.2637
13 2 6352 103.356
13 3 7580 397.377
13 4 8031 50.5762
13 5 5032 107.276
13 6 9872 297.879
13 7 6372 216.457
13 8 153 20.9986
13 9 4577 27.0468
13 10 4848 101.016
13 11 5031 34.003
13 12 9012 60.5008
13 13 0 0
13 14 5214 99.7448
13 15 3051 961.594
13 16 9819 856.77
13 17 463 97.8081
14 1 327 78.8167
14 2 7146 105.779
14 3 2661 847.398
14 4 2163 39.5294
14 5 9528 81.4675
14 6 2086 32.2004
14 7 856 45.6917
14 8 8608 884.143
14 9 9433 755.768
14 10 6670 93.3619
14 11 5166 252.573
14 12 9707 75.8418
14 13 3373 932.488
14 14 0 0
14 15 3922 322.778
14 16 7354 929.022
14 17 7648 95.3857
15 1 1156 15.0841
15 2 9106 99.7352
15 3 5881 89.9152
15 4 9219 739.001
15 5 6287 984.78
15 6 9810 752.944
15 7 2645 153.479
15 8 9371 44.6854
15 9 8482 273.227
15 10 4067 23.263
15 11 8786 470.069
15 12 7852 24.2994
15 13 668 23.2997
15 14 7054 286.849
15 15 0 0
15 16 177 462.63
15 17 4012 358.506
16 1 2058 932.272
16 2 6975 11.1325
16 3 9983 101.096
16 4 7906 345.848
16 5 9182 517.998
16 6 7371 88.4325
16 7 1081 48.9721
16 8 6097 27.707
16 9 9091 65.4149
16 10 7932 900.87
16 11 5975 19.3713
16 12 2946 95.1654
16 13 2767 188.004
16 14 5495 301.252
16 15 8778 37.8766
16 16 0 0
16 17 125 29.1386
17 1 2290 102.647
17 2 209 38.3156
17 3 6751 109.046
17 4 8201 33.1505
17 5 7075 134.179
17 6 6017 447.02
17 7 8046 318.53
17 8 702 10.1935
17 9 1699 74.9865
17 10 9823 81.2389
17 11 5631 43.2502
17 12 7087 74.3201
17 13 3950 931.334
17 14 2748 71.9532
17 15 7495 96.3
17 16 249 34.391
17 17 0 0
336
175
68
239
377
341
365
76
244
100
252
273
314
383
92
88
323
