18
0.5
1 1 0 0
1 2 7233 23.4721
1 3 2404 66.2384
1 4 4330 86.1395
1 5 7521 78.7671
1 6 6204 193.174
1 7 1474 108.606
1 8 1039 11.1377
1 9 6594 78.4988
1 10 7521 58.5555
1 11 9431 103.677
1 12 4766 513.106
1 13 583 981.744
1 14 8905 295.685
1 15 6939 617.796
1 16 6489 782.69
1 17 1816 84.4484
1 18 3194 418.471
2 1 8407 800.246
2 2 0 0
2 3 3681 329.422
2 4 1305 73.5047
2 5 723 550.342
2 6 4906 14.7959
2 7 6824 385.398
2 8 8643 378.452
2 9 8396 843.604
2 10 5086 16.9667
2 11 2380 335.768
2 12 5625 204.505
2 13 1304 97.1793
2 14 7940 83.8882
2 15 2782 14.2862
2 16 2121 807.203
2 17 5657 574.29
2 18 4072 115.518
3 1 1239 118.558
3 2 3363 766.584
3 3 0 0
3 4 8269 45.6605
3 5 6996 967.165
3 6 2491 216.085
3 7 2275 277.975
3 8 2131 89.6098
3 9 6825 154.096
3 10 3292 443.176
3 11 6790 33.2537
3 12 4257 24.9974
3 13 8536 105.818
3 14 1443 411.63
3 15 2525 898.804
3 16 3836 219.944
3 17 8113 78.4472
3 18 311 957.437
4 1 7504 549.179
4 2 951 517.658
4 3 3828 32.8272
4 4 0 0
4 5 8426 16.9473
4 6 5847 874.863
4 7 1175 694.111
4 8 440 862.984
4 9 8323 575.988
4 10 3425 704.915
4 11 6389 107.865
4 12 9998 56.0047
4 13 2725 946.316
4 14 7525 107.175
4 15 7525 681.852
4 16 3965 24.5195
4 17 6560 24.8358
4 18 9931 81.7
5 1 4722 818.288
5 2 9778 72.8305
5 3 77 54.5026
5 4 5047 43.8062
5 5 0 0
5 6 7865 461.508
5 7 881 31.8539
5 8 8179 97.1693
5 9 6722 66.0944
5 10 7750 34.4468
5 11 6355 333.896
5 12 1413 698.031
5 13 6760 64.6817
5 14 6863 68.4727
5 15 2031 84.9196
5 16 6122 589.404
5 17 3733 68.3009
5 18 1398 998.282
6 1 1190 96.4697
6 2 5308 17.7117
6 3 1281 40.9652
6 4 3196 51.5288
6 5 5729 106.001
6 6 0 0
6 7 2305 648.74
6 8 8369 440.119
6 9 1215 89.4194
6 10 6272 677.283
6 11 1066 31.1303
6 12 9474 537.589
6 13 5460 43.1853
6 14 8288 68.2282
6 15 1538 1005.87
6 16 6284 390.919
6 17 2304 375.719
6 18 6027 405.301
7 1 2500 817.729
7 2 9589 64.509
7 3 4526 45.4181
7 4 9139 67.8439
7 5 9206 38.8226
7 6 6127 738.009
7 7 0 0
7 8 6255 32.1685
7 9 1005 55.7285
7 10 3488 991.625
7 11 3271 389.433
7 12 9683 49.9905
7 13 1548 632.444
7 14 8953 640.06
7 15 3296 421.034
7 16 2118 840.064
7 17 4376 106.427
7 18 407 133.292
8 1 703 82.2431
8 2 3697 82.1695
8 3 1694 85.9825
8 4 9415 36.6939
8 5 1723 47.2319
8 6 1242 83.7986
8 7 5392 49.0333
8 8 0 0
8 9 7293 62.186
8 10 5111 56.4421
8 11 781 810.298
8 12 8546 535.365
8 13 8338 30.5421
8 14 8815 75.1547
8 15 6003 823.68
8 16 8755 41.4672
8 17 6660 30.9031
8 18 7892 860.938
9 1 7942 828.833
9 2 2368 50.094
9 3 3650 335.268
9 4 5339 91.3504
9 5 1144 332.932
9 6 905 845.178
9 7 1542 739.674
9 8 5441 416.326
9 9 0 0
9 10 4151 497.577
9 11 2977 613.489
9 12 5216 26.5094
9 13 2986 12.4565
9 14 3366 17.9842
9 15 6763 62.0541
9 16 3881 14.6986
9 17 1121 390.87
9 18 3824 292.019
10 1 1405 11.737
10 2 4644 634.157
10 3 2079 94.0365
10 4 1806 66.3269
10 5 7471 89.3903
10 6 4184 61.7514
10 7 5430 12.7459
10 8 9756 94.9101
10 9 5500 12.9841
10 10 0 0
10 11 1477 150.654
10 12 2746 85.7909
10 13 5358 133.067
10 14 5029 59.1513
10 15 6947 42.0676
10 16 5406 573.563
10 17 9127 58.6939
10 18 1759 137.463
11 1 4995 39.864
11 2 3627 333.402
11 3 7617 46.9258
11 4 5802 26.8886
11 5 6327 135.608
11 6 9696 49.467
11 7 8886 67.9559
11 8 9114 94.5371
11 9 9717 204.56
11 10 4061 80.697
11 11 0 0
11 12 5263 913.142
11 13 9907 840.061
11 14 6410 878.598
11 15 4949 310.771
11 16 3281 153.952
11 17 2403 32.2959
11 18 8041 786.168
12 1 8355 471.896
12 2 816 97.3382
12 3 2311 62.8141
12 4 8271 55.3631
12 5 4804 59.8954
12 6 1060 76.7094
12 7 8515 108.703
12 8 2620 879.575
12 9 5085 112.774
12 10 8237 38.9815
12 11 1726 472.766
12 12 0 0
12 13 959 195.189
12 14 5063 954.022
12 15 2149 876.729
12 16 7214 261.95
12 17 3884 433.085
12 18 2480 51.7062
13 1 2453 412.766
13 2 130 515.805
13 3 4264 130.849
13 4 3740 92.7459
13 5 7674 481.003
13 6 2133 256.043
13 7 7532 95.9548
13 8 9134 224.66
13 9 6845 151.439
13 10 3428 518.484
13 11 184 71.6565
13 12 4044 70.9634
13 13 0 0
13 14 3761 519.988
13 15 3730 19.3794
13 16 5954 92.2948
13 17 7601 580.834
13 18 7334 875.592
14 1 9776 26.0853
14 2 9732 105.557
14 3 4613 926.843
14 4 2934 24.3369
14 5 3668 514.724
14 6 8252 20.3683
14 7 4923 240.06
14 8 1759 356.623
14 9 6071 73.8559
14 10 6570 59.8901
14 11 4462 457.346
14 12 608 92.8756
14 13 5244 47.9565
14 14 0 0
14 15 852 764.474
14 16 6236 71.0371
14 17 7879 55.3059
14 18 45 413.387
15 1 2826 298.815
15 2 249 68.0345
15 3 4447 534.02
15 4 5657 989.388
15 5 6660 171.108
15 6 4301 31.0619
15 7 1065 73.6406
15 8 4432 15.5034
15 9 1150 17.6137
15 10 1333 30.9702
15 11 6006 64.9525
15 12 3829 928.552
15 13 6051 98.7619
15 14 2711 42.2316
15 15 0 0
15 16 7232 393.498
15 17 5700 36.7363
15 18 2726 178.875
16 1 3950 963.284
16 2 336 98.4686
16 3 5545 16.6765
16 4 1795 739.581
16 5 9903 229.756
16 6 5940 27.585
16 7 6477 657.752
16 8 2327 92.8092
16 9 4098 573.896
16 10 7036 480.577
16 11 8343 567.327
16 12 4257 444.516
16 13 9007 565.204
16 14 9936 332.778
16 15 2573 12.6052
16 16 0 0
16 17 7168 255.372
16 18 8168 514.758
17 1 287 88.3597
17 2 1129 34.2997
17 3 7698 103.577
17 4 7413 981.744
17 5 4706 942.531
17 6 728 15.2075
17 7 9515 64.0078
17 8 722 104.607
17 9 4530 198.591
17 10 9696 25.527
17 11 2577 178.421
17 12 3111 71.154
17 13 646 521.364
17 14 4259 46.7683
17 15 4254 151.037
17 16 967 80.8855
17 17 0 0
17 18 6295 816.988
18 1 8386 175.017
18 2 790 12.6972
18 3 2153 505.879
18 4 2600 302.315
18 5 4457 57.4813
18 6 879 70.7271
18 7 6198 170.264
18 8 1461 79.112
18 9 7278 73.4355
18 10 2656 64.5173
18 11 3883 756.352
18 12 7180 36.3944
18 13 2419 353.321
18 14 7769 499.242
18 15 3516 495.303
18 16 7143 584.501
18 17 6347 860.413
18 18 0 0
246
446
369
342
225
38
68
233
355
439
117
206
176
149
52
14
421
199
