21
0.75
1 1 0 0
1 2 9398 81.045
1 3 4810 11.3151
1 4 8639 813.106
1 5 7586 443.788
1 6 6152 23.6274
1 7 8273 612.832
1 8 616 43.5205
1 9 8912 26.3645
1 10 2231 639.318
1 11 7533 21.1099
1 12 6131 98.0147
1 13 6419 33.6218
1 14 3664 85.9369
1 15 2720 75.9328
1 16 2855 98.8096
1 17 9128 402.486
1 18 7117 241.272
1 19 4619 171.742
1 20 6385 509.18
1 21 6582 405.577
2 1 8192 60.5266
2 2 0 0
2 3 1490 108.026
2 4 2500 27.2121
2 5 6620 74.6236
2 6 3374 102.813
2 7 2578 922.137
2 8 2811 550.825
2 9 857 25.2417
2 10 7688 607.811
2 11 4019 10.1222
2 12 3112 99.1281
2 13 7070 991.736
2 14 7999 282.803
2 15 7241 66.7589
2 16 8736 309.88
2 17 8634 70.5951
2 18 5210 18.8634
2 19 5431 18.3133
2 20 4561 70.5813
2 21 1184 295.993
3 1 9185 244.77
3 2 8344 342.292
3 3 0 0
3 4 1431 824.776
3 5 2112 54.1592
3 6 3107 97.2068
3 7 9974 109.43
3 8 5491 210.77
3 9 9477 82.2756
3 10 2905 82.1997
3 11 9456 79.7675
3 12 4767 14.5365
3 13 7032 37.0335
3 14 7741 45.2846
3 15 9395 475.02
3 16 8613 35.3093
3 17 1475 655.198
3 18 4207 563.473
3 19 2325 528.742
3 20 6685 703.422
3 21 4975 77.5325
4 1 7567 56.4571
4 2 277 105.244
4 3 3824 130.676
4 4 0 0
4 5 2558 252.074
4 6 3721 98.4225
4 7 2401 44.7009
4 8 3584 33.6378
4 9 9777 74.0964
4 10 9115 74.3901
4 11 2510 861.001
4 12 1148 64.8258
4 13 6918 107.044
4 14 1812 459.841
4 15 7262 811.235
4 16 1731 56.6215
4 17 8328 326.848
4 18 7026 44.7435
4 19 6020 768.744
4 20 1141 37.3532
4 21 8941 71.3797
5 1 1580 487.212
5 2 179 100.914
5 3 5417 189.927
5 4 7740 74.2407
5 5 0 0
5 6 3839 86.1603
5 7 1383 800.608
5 8 5497 384.621
5 9 6739 16.7113
5 10 3786 48.6827
5 11 3324 12.7185
5 12 3976 673.512
5 13 6014 770.379
5 14 9714 280.23
5 15 8902 323.74
5 16 2486 23.2984
5 17 541 71.2188
5 18 5466 108.359
5 19 847 837.877
5 20 2813 54.1704
5 21 6831 68.3741
6 1 2708 114.991
6 2 6999 65.3709
6 3 3920 910.338
6 4 7987 604.718
6 5 110 448.083
6 6 0 0
6 7 8373 99.6648
6 8 4751 38.7261
6 9 8974 967.357
6 10 3416 76.568
6 11 6512 78.5763
6 12 6261 641.401
6 13 7890 989.808
6 14 7930 74.0126
6 15 1799 802.285
6 16 3589 88.6899
6 17 786 270.944
6 18 3830 22.9656
6 19 5514 69.4464
6 20 5281 127.427
6 21 3269 79.0427
7 1 6452 90.563
7 2 5157 136.548
7 3 1750 51.3562
7 4 5947 946.901
7 5 3000 20.3052
7 6 9045 776.758
7 7 0 0
7 8 3679 828.449
7 9 6015 273.735
7 10 3254 940.495
7 11 4561 270.431
7 12 416 847.286
7 13 6230 86.605
7 14 9003 70.0432
7 15 9007 34.077
7 16 7879 38.1782
7 17 2080 171.551
7 18 6335 786.724
7 19 5396 51.4562
7 20 4589 42.4212
7 21 7330 39.5983
8 1 6484 901.01
8 2 1959 458.903
8 3 4349 104.947
8 4 5234 42.8365
8 5 2764 501.288
8 6 528 413.515
8 7 5665 40.4612
8 8 0 0
8 9 5653 511.783
8 10 8709 97.6926
8 11 114 37.3319
8 12 3139 48.1388
8 13 586 10.6763
8 14 7614 285.992
8 15 5028 612.637
8 16 6071 933.6
8 17 6449 34.9186
8 18 5206 356.153
8 19 2373 42.9503
8 20 3967 67.3312
8 21 9593 907.734
9 1 3813 276.646
9 2 9747 527.335
9 3 921 425.851
9 4 5394 572.625
9 5 5821 208.428
9 6 82 70.5042
9 7 2961 104.402
9 8 792 1002.08
9 9 0 0
9 10 8973 173.789
9 11 8445 501.568
9 12 6539 281.399
9 13 6090 404.291
9 14 9057 319.149
9 15 9791 975.44
9 16 3524 49.6003
9 17 5726 102.124
9 18 572 467.321
9 19 3728 532.053
9 20 7199 88.8103
9 21 6046 23.2398
10 1 4031 838.258
10 2 6998 267.069
10 3 5533 52.5596
10 4 7250 619.831
10 5 7177 51.2409
10 6 4090 766.931
10 7 8085 902.583
10 8 720 175.518
10 9 4370 618.687
10 10 0 0
10 11 3000 805.401
10 12 2557 633.395
10 13 6852 45.9316
10 14 1986 62.0498
10 15 2526 532.792
10 16 2924 102.882
10 17 2648 103.702
10 18 4485 162.426
10 19 8692 529.056
10 20 8765 38.9894
10 21 3679 94.6017
11 1 8230 56.1706
11 2 6253 24.7456
11 3 9247 39.7558
11 4 7213 231.161
11 5 8998 893.706
11 6 5423 691.194
11 7 1269 80.575
11 8 4404 424.695
11 9 4909 340.083
11 10 2687 250.014
11 11 0 0
11 12 4727 37.6889
11 13 469 278.965
11 14 559 483.311
11 15 532 325.523
11 16 3989 415.432
11 17 8108 165.448
11 18 6979 42.25
11 19 8687 809.171
11 20 3952 760.98
11 21 9849 796.614
12 1 3026 80.1473
12 2 8744 128.953
12 3 3856 49.8368
12 4 347 16.0218
12 5 7096 72.7292
12 6 9731 12.8417
12 7 4548 30.0612
12 8 6032 306.305
12 9 5579 93.4551
12 10 8306 854.339
12 11 7893 27.1686
12 12 0 0
12 13 2570 288.299
12 14 4941 41.1633
12 15 4255 579.246
12 16 6781 282.3
12 17 2462 314.5
12 18 5776 44.7041
12 19 5288 20.5671
12 20 4460 1005.09
12 21 8200 355.37
13 1 2843 406.536
13 2 5821 52.5473
13 3 7603 711.147
13 4 8747 706.868
13 5 2491 738.159
13 6 6470 30.0452
13 7 5146 279.196
13 8 1848 35.6889
13 9 2561 106.27
13 10 292 147.619
13 11 2187 578.25
13 12 3976 966.069
13 13 0 0
13 14 8053 52.003
13 15 8272 368.5
13 16 4982 93.1697
13 17 7981 56.6913
13 18 7002 302.565
13 19 3887 60.9266
13 20 3726 423.321
13 21 2096 93.928
14 1 7305 73.1483
14 2 7246 106.162
14 3 841 117.976
14 4 3032 48.2199
14 5 8073 363.529
14 6 9099 304.266
14 7 8572 518.911
14 8 8619 44.4505
14 9 4529 916.718
14 10 762 200.637
14 11 8222 551.633
14 12 3400 45.6241
14 13 4823 15.9935
14 14 0 0
14 15 3740 363.862
14 16 5252 944.89
14 17 8202 541.178
14 18 9059 353.179
14 19 5675 650.088
14 20 3545 77.8796
14 21 7934 52.2006
15 1 2783 10.7337
15 2 2983 10.3038
15 3 8861 375.181
15 4 5768 523.794
15 5 8327 90.7377
15 6 4224 17.7627
15 7 7794 801.458
15 8 3333 34.1433
15 9 3786 946.821
15 10 2879 300.942
15 11 9059 24.3075
15 12 6929 134.704
15 13 2791 207.445
15 14 7487 479.273
15 15 0 0
15 16 400 42.2387
15 17 3252 120.315
15 18 7846 22.7325
15 19 9107 892.326
15 20 9302 81.9825
15 21 2959 556.538
16 1 3544 563.103
16 2 9280 291.154
16 3 9919 18.6931
16 4 6636 40.3687
16 5 6820 475.329
16 6 5722 336.702
16 7 4250 24.5664
16 8 1462 36.5394
16 9 3033 42.5981
16 10 2509 10.622
16 11 6880 738.118
16 12 6226 509.011
16 13 6233 331.937
16 14 2115 66.2077
16 15 3288 743.224
16 16 0 0
16 17 4431 74.2757
16 18 6120 46.8301
16 19 2502 711.314
16 20 558 98.3231
16 21 3131 95.0872
17 1 395 99.5178
17 2 466 169.225
17 3 7569 86.7717
17 4 3553 928.098
17 5 9551 17.9642
17 6 5021 584.736
17 7 509 523.693
17 8 2919 12.384
17 9 5006 997.503
17 10 6072 22.4507
17 11 5428 991.389
17 12 2971 21.1253
17 13 7980 89.5252
17 14 3080 130.318
17 15 8555 21.6819
17 16 7577 35.0084
17 17 0 0
17 18 2221 94.6816
17 19 6736 62.6765
17 20 8936 143.061
17 21 1856 423.951
18 1 8004 911.566
18 2 6965 42.4025
18 3 2261 190.338
18 4 2829 802.441
18 5 7136 732.413
18 6 5766 713.476
18 7 5854 388.388
18 8 3520 125.449
18 9 3972 625.974
18 10 1415 773.194
18 11 1684 50.798
18 12 8823 54.5511
18 13 6002 45.0114
18 14 4437 104.42
18 15 387 19.1168
18 16 7050 65.5566
18 17 2151 922.125
18 18 0 0
18 19 6201 77.454
18 20 2118 96.6651
18 21 4909 485.96
19 1 646 636.975
19 2 7463 311.084
19 3 5625 619.541
19 4 2170 357.597
19 5 3826 73.5572
19 6 8205 69.0283
19 7 6531 471.816
19 8 7379 19.6985
19 9 187 558.468
19 10 7541 959.326
19 11 7649 723.509
19 12 8514 752.583
19 13 3453 370.575
19 14 8376 757.819
19 15 5168 706.76
19 16 4612 102.981
19 17 2474 25.0442
19 18 961 747.048
19 19 0 0
19 20 9945 90.5077
19 21 3398 107.05
20 1 2735 109.652
20 2 5993 39.1103
20 3 1994 309.771
20 4 3094 15.7531
20 5 3729 60.8582
20 6 638 754.093
20 7 7224 41.9628
20 8 9286 157.313
20 9 2081 100.169
20 10 7727 459.406
20 11 4781 36.6424
20 12 6594 107.972
20 13 628 900.371
20 14 8861 70.7923
20 15 7111 57.9974
20 16 5558 152.093
20 17 5109 194.565
20 18 5945 79.2045
20 19 5445 99.2998
20 20 0 0
20 21 147 214.412
21 1 3946 105.277
21 2 1787 95.1592
21 3 4887 653.449
21 4 348 698.92
21 5 6546 745.825
21 6 7706 490.923
21 7 5736 864.023
21 8 5813 10.5565
21 9 2548 682.6
21 10 4942 670.202
21 11 42 103.887
21 12 6934 60.5133
21 13 7965 660.082
21 14 1480 77.3491
21 15 6925 73.2891
21 16 8030 13.6865
21 17 8137 639.506
21 18 1767 83.0441
21 19 7261 58.6983
21 20 6702 90.0823
21 21 0 0
465
179
16
388
114
217
212
431
157
121
263
445
273
40
279
279
423
172
401
60
153
