15
0.75
1 1 0 0
1 2 3378 87.1205
1 3 959 65.2826
1 4 7573 743.195
1 5 4630 57.845
1 6 6331 63.1721
1 7 1541 412.278
1 8 3918 209.175
1 9 1014 99.805
1 10 7204 19.8646
1 11 5290 55.7227
1 12 8414 170.233
1 13 4436 84.9286
1 14 5328 100.305
1 15 1179 81.0635
2 1 813 95.1939
2 2 0 0
2 3 1889 69.0501
2 4 3682 160.447
2 5 3389 107.738
2 6 5177 24.0824
2 7 9762 83.1774
2 8 2746 97.3078
2 9 2365 736.954
2 10 6185 366.782
2 11 1483 74.7546
2 12 9940 510.596
2 13 7145 21.3174
2 14 6391 42.6714
2 15 788 846.661
3 1 3652 887.302
3 2 3946 26.6883
3 3 0 0
3 4 2706 448.388
3 5 9662 56.3022
3 6 2125 803.612
3 7 7669 173.353
3 8 923 15.0693
3 9 4570 997.356
3 10 152 47.5618
3 11 4291 51.4655
3 12 1648 10.2516
3 13 2131 33.785
3 14 1032 67.7881
3 15 411 192.845
4 1 7410 90.2027
4 2 7355 43.8472
4 3 7779 96.3245
4 4 0 0
4 5 5845 32.8283
4 6 3444 12.4089
4 7 7906 411.109
4 8 1677 43.6721
4 9 3581 981.749
4 10 3382 47.9667
4 11 3824 50.8452
4 12 3626 91.0158
4 13 2620 609.867
4 14 4994 435.125
4 15 688 796.527
5 1 3200 89.7248
5 2 8921 88.4002
5 3 8638 68.345
5 4 8708 17.2895
5 5 0 0
5 6 6725 429.218
5 7 5397 16.0808
5 8 7089 470.687
5 9 7575 51.2467
5 10 7228 89.5013
5 11 619 61.2483
5 12 5022 79.8767
5 13 591 11.3973
5 14 1615 882.754
5 15 6096 287.627
6 1 8868 56.6442
6 2 4611 27.08
6 3 3738 21.2386
6 4 3657 564.385
6 5 781 78.1552
6 6 0 0
6 7 185 367.129
6 8 6769 819.4
6 9 1275 16.2454
6 10 665 527.402
6 11 3912 61.0963
6 12 3654 24.8868
6 13 6920 16.7141
6 14 239 86.1763
6 15 4533 95.2151
7 1 7830 109.493
7 2 2420 102.965
7 3 1695 452.817
7 4 2505 341.695
7 5 6473 390.282
7 6 5887 27.2029
7 7 0 0
7 8 5805 87.9831
7 9 5658 632.904
7 10 8139 86.2058
7 11 6688 75.7979
7 12 5232 82.3133
7 13 4648 47.0223
7 14 8259 21.213
7 15 1086 74.7222
8 1 7370 666.273
8 2 1429 22.0363
8 3 5711 1002.14
8 4 9085 73.0251
8 5 6162 34.1773
8 6 680 74.0769
8 7 6297 91.4398
8 8 0 0
8 9 6497 54.4211
8 10 1467 98.7338
8 11 7975 105.318
8 12 3649 80.4187
8 13 5506 667.764
8 14 7460 42.4873
8 15 9515 730.401
9 1 8593 921.488
9 2 1283 984.31
9 3 8472 771.02
9 4 7988 36.655
9 5 5901 52.0544
9 6 6609 675.821
9 7 6265 344.075
9 8 7696 815.587
9 9 0 0
9 10 6787 35.2388
9 11 5697 55.4308
9 12 84 44.2513
9 13 8087 764.276
9 14 2746 282.361
9 15 9294 321.638
10 1 2378 100.913
10 2 6611 27.6969
10 3 3078 772.373
10 4 5501 331.617
10 5 5310 96.6737
10 6 920 399.873
10 7 1417 964.05
10 8 6610 811.04
10 9 3533 67.1613
10 10 0 0
10 11 4835 18.0166
10 12 3364 780.911
10 13 7885 541.185
10 14 5427 324.168
10 15 3289 92.4046
11 1 6976 728.584
11 2 6652 42.2654
11 3 5482 366.657
11 4 4761 742.081
11 5 9422 52.3236
11 6 4289 201.142
11 7 3701 312.348
11 8 7209 187.399
11 9 4124 58.2116
11 10 4361 65.0575
11 11 0 0
11 12 8320 28.8362
11 13 2787 657.865
11 14 3461 393.394
11 15 6778 52.9198
12 1 7178 63.9555
12 2 7406 996.825
12 3 9462 18.2646
12 4 9371 746.149
12 5 6448 134.303
12 6 3772 10.948
12 7 3196 723.299
12 8 31 20.2495
12 9 7900 66.6943
12 10 8222 70.691
12 11 1254 48.4781
12 12 0 0
12 13 6882 120.825
12 14 2645 328.989
12 15 5555 88.0184
13 1 9850 35.5953
13 2 7309 46.939
13 3 4869 645.615
13 4 5858 64.2853
13 5 3281 51.376
13 6 8971 70.4992
13 7 4986 858.632
13 8 9804 66.7914
13 9 5011 963.981
13 10 7012 319.181
13 11 6664 820.912
13 12 4444 104.129
13 13 0 0
13 14 1064 35.0893
13 15 1198 102.808
14 1 7632 630.714
14 2 180 81.2193
14 3 5620 641.714
14 4 1131 101.883
14 5 471 66.037
14 6 9454 73.8977
14 7 1099 99.08
14 8 4559 450.143
14 9 901 39.6485
14 10 2379 27.3126
14 11 2672 27.256
14 12 6031 96.1729
14 13 7032 311.325
14 14 0 0
14 15 6927 886.129
15 1 2600 706.964
15 2 3046 92.8202
15 3 174 823.881
15 4 7482 101.574
15 5 4984 767.793
15 6 4844 107.565
15 7 1978 122.164
15 8 3315 68.1097
15 9 4177 997.441
15 10 5902 27.9827
15 11 1944 736.17
15 12 17 68.045
15 13 7134 15.1849
15 14 3607 105.128
15 15 0 0
85
19
403
132
215
63
150
194
396
419
361
112
175
38
360
