15
0.25
1 1 0 0
1 2 2608 57.8131
1 3 7834 96.2826
1 4 7469 108.365
1 5 3400 73.3981
1 6 9297 80.9887
1 7 7360 68.731
1 8 5652 28.1112
1 9 1473 741.332
1 10 8491 760.173
1 11 155 344.363
1 12 7907 974.134
1 13 5505 679.125
1 14 7653 390.855
1 15 8170 600.986
2 1 7678 732.628
2 2 0 0
2 3 766 27.2302
2 4 8536 60.6188
2 5 1404 75.9126
2 6 1585 35.1465
2 7 4754 579.815
2 8 3512 106.726
2 9 335 86.2962
2 10 3890 754.23
2 11 4415 104.627
2 12 7764 10.6903
2 13 9145 743.973
2 14 724 30.5291
2 15 1288 343.423
3 1 2690 967.764
3 2 4924 25
3 3 0 0
3 4 5717 57.3623
3 5 4030 416.761
3 6 4048 13.5699
3 7 3241 55.8801
3 8 1361 320.048
3 9 7705 39.9326
3 10 3283 495.367
3 11 2801 14.9284
3 12 8678 732.408
3 13 4813 264.912
3 14 2305 108.116
3 15 8117 875.285
4 1 1403 67.6413
4 2 2519 59.5397
4 3 5987 223.224
4 4 0 0
4 5 6782 55.2521
4 6 8374 48.5591
4 7 9299 528.623
4 8 962 61.0742
4 9 1299 623.413
4 10 1418 49.6451
4 11 8479 837.122
4 12 9168 76.8386
4 13 80 76.4474
4 14 2926 771.656
4 15 880 106.683
5 1 382 23.9814
5 2 4860 20.8389
5 3 5603 68.3481
5 4 1653 407.019
5 5 0 0
5 6 7935 709.006
5 7 6517 973.063
5 8 7783 69.5953
5 9 5779 73.3373
5 10 6452 63.4126
5 11 1161 70.826
5 12 3965 25.51
5 13 1795 76.0014
5 14 6507 27.2286
5 15 429 51.4324
6 1 4726 74.1039
6 2 1704 843.593
6 3 9479 95.7271
6 4 8512 298.486
6 5 4968 72.2633
6 6 0 0
6 7 1188 17.2937
6 8 3954 101.92
6 9 1641 75.1712
6 10 3547 521.315
6 11 636 104.109
6 12 6910 106.792
6 13 3788 998.239
6 14 9749 92.9181
6 15 3961 25.913
7 1 2856 74.2558
7 2 9360 51.1229
7 3 706 42.1658
7 4 7276 59.8144
7 5 281 77.8971
7 6 5326 457.62
7 7 0 0
7 8 416 30.111
7 9 7134 73.8447
7 10 8350 732.694
7 11 5494 14.9804
7 12 7050 263.151
7 13 9470 876.859
7 14 3915 59.919
7 15 4352 315.244
8 1 2574 104.503
8 2 4146 600.849
8 3 6793 75.701
8 4 7946 794.558
8 5 6604 817.086
8 6 4951 68.1865
8 7 1499 407.381
8 8 0 0
8 9 7568 886.267
8 10 4348 101.46
8 11 5792 144.881
8 12 9893 17.1699
8 13 200 51.3231
8 14 7347 110.569
8 15 4598 20.163
9 1 5739 414.653
9 2 3225 93.8819
9 3 4663 573.258
9 4 6559 32.0529
9 5 7328 95.1753
9 6 1325 788.589
9 7 8530 59.9182
9 8 2872 702.501
9 9 0 0
9 10 2383 90.6168
9 11 7478 51.2915
9 12 8940 13.6319
9 13 1471 61.3945
9 14 6917 533.973
9 15 2328 329.553
10 1 3526 86.7546
10 2 778 46.7142
10 3 5733 433.584
10 4 3669 98.1908
10 5 5085 43.2962
10 6 6773 443.758
10 7 6681 978.854
10 8 1411 84.5335
10 9 8620 44.5068
10 10 0 0
10 11 3453 26.5434
10 12 9832 92.7
10 13 2105 28.8326
10 14 5119 71.7194
10 15 2416 451.001
11 1 548 82.9807
11 2 6862 623.7
11 3 5957 174.79
11 4 3572 23.0903
11 5 1988 45.0858
11 6 6813 48.7912
11 7 3661 56.2595
11 8 9860 436.659
11 9 3088 68.6939
11 10 9171 95.7882
11 11 0 0
11 12 36 526.723
11 13 1716 851.385
11 14 1687 97.316
11 15 5243 74.8366
12 1 205 690.95
12 2 9844 504.882
12 3 134 419.717
12 4 3659 203.002
12 5 4844 221.876
12 6 9423 98.9925
12 7 3769 20.9056
12 8 2968 212.231
12 9 3793 70.3208
12 10 5629 290.841
12 11 9888 108.046
12 12 0 0
12 13 5189 57.1472
12 14 1338 74.6323
12 15 1815 96.0692
13 1 5078 888.58
13 2 8950 41.7182
13 3 9494 71.7498
13 4 9962 95.2509
13 5 7218 73.5916
13 6 866 23.2509
13 7 3535 57.3191
13 8 4509 10.8821
13 9 6954 137.309
13 10 7235 39.125
13 11 5211 102.73
13 12 3972 19.4164
13 13 0 0
13 14 9041 74.9712
13 15 6805 120.67
14 1 6278 328.423
14 2 1850 24.6132
14 3 8764 34.2162
14 4 9931 38.7464
14 5 2489 786.919
14 6 9278 130.245
14 7 3957 520.444
14 8 1369 25.9391
14 9 937 105.701
14 10 2784 22.3645
14 11 3525 62.7678
14 12 9658 116.16
14 13 3164 38.6531
14 14 0 0
14 15 1228 285.621
15 1 8095 904.211
15 2 8750 63.0747
15 3 5009 14.5919
15 4 8302 328.308
15 5 3932 675.096
15 6 5041 713.78
15 7 7942 38.6869
15 8 9855 15.0278
15 9 7996 22.6518
15 10 2254 998.779
15 11 785 655.882
15 12 6896 32.5136
15 13 7822 11.7791
15 14 8774 961.153
15 15 0 0
430
373
190
477
414
138
426
357
112
203
212
95
9
60
95
