23
0.75
1 1 0 0
1 2 9869 384.676
1 3 6115 163.875
1 4 531 86.2243
1 5 5838 43.2416
1 6 3876 525.722
1 7 5309 179.118
1 8 2103 76.0965
1 9 9115 53.1633
1 10 2783 43.0265
1 11 6876 428.181
1 12 5180 36.3761
1 13 2156 84.2473
1 14 8517 535.893
1 15 3821 493.737
1 16 2925 258.951
1 17 6339 98.0865
1 18 7042 38.323
1 19 5326 936.746
1 20 6970 464.159
1 21 2459 80.4814
1 22 978 287.11
1 23 5733 13.7252
2 1 5375 430.01
2 2 0 0
2 3 162 87.6889
2 4 9057 896.428
2 5 8618 34.4808
2 6 9507 50.1651
2 7 8031 28.6763
2 8 8128 56.1152
2 9 6393 93.6374
2 10 7446 60.0347
2 11 4803 837.747
2 12 3635 107.245
2 13 8123 706.697
2 14 456 342.906
2 15 7215 49.6799
2 16 7357 67.4925
2 17 5689 985.953
2 18 1328 68.3812
2 19 7056 221.336
2 20 6102 286.704
2 21 9998 14.3678
2 22 4549 35.4732
2 23 4624 53.5756
3 1 6747 17.049
3 2 3844 50.7884
3 3 0 0
3 4 2254 338.802
3 5 9019 126.476
3 6 2171 707.65
3 7 2327 536.483
3 8 1946 317.791
3 9 1064 41.8683
3 10 2708 606.41
3 11 8607 66.0983
3 12 5273 39.0091
3 13 1765 77.0161
3 14 6701 104.6
3 15 2292 529.262
3 16 217 67.6707
3 17 1309 589.488
3 18 8312 46.3979
3 19 5970 440.528
3 20 8140 70.6879
3 21 2107 875.484
3 22 5994 913.037
3 23 2960 62.4454
4 1 3868 720.507
4 2 2428 944.715
4 3 681 711.021
4 4 0 0
4 5 6307 603.238
4 6 6362 832.701
4 7 9652 676.114
4 8 9824 177.156
4 9 7778 590.557
4 10 8140 44.2074
4 11 359 62.2198
4 12 1929 62.8812
4 13 1454 700.719
4 14 4307 134.394
4 15 6307 62.7488
4 16 6132 436.482
4 17 5729 139.17
4 18 2514 964.233
4 19 2843 59.8082
4 20 1676 42.1701
4 21 4286 725.181
4 22 8791 358.681
4 23 9187 26.8204
5 1 6824 79.3011
5 2 1919 509.809
5 3 5781 178.087
5 4 6723 16.1824
5 5 0 0
5 6 9770 71.1548
5 7 6711 434.137
5 8 9653 46.5077
5 9 943 347.403
5 10 6245 49.3561
5 11 370 34.4058
5 12 4804 92.3609
5 13 7524 93.3235
5 14 7542 876.174
5 15 1219 84.5127
5 16 913 23.6208
5 17 96 216.573
5 18 9249 63.6777
5 19 2866 56.8897
5 20 4953 535.128
5 21 3791 33.4284
5 22 3540 297.083
5 23 2154 817.919
6 1 8644 334.281
6 2 9143 36.2649
6 3 5732 762.195
6 4 924 757.15
6 5 267 755.597
6 6 0 0
6 7 1789 16.9238
6 8 3426 53.3252
6 9 3023 28.6321
6 10 7065 506.649
6 11 5080 67.2457
6 12 8988 46.792
6 13 4569 606.76
6 14 4900 90.5588
6 15 3397 70.5953
6 16 9477 52.1992
6 17 2792 71.8782
6 18 4286 543.724
6 19 204 66.038
6 20 3620 104.281
6 21 2988 514.616
6 22 2183 17.9041
6 23 8747 63.2258
7 1 253 619.392
7 2 317 456.653
7 3 6331 260.612
7 4 2954 65.8048
7 5 6698 847.856
7 6 2518 625.166
7 7 0 0
7 8 556 134.261
7 9 704 75.2225
7 10 5117 10.6976
7 11 2439 61.2795
7 12 8166 53.2332
7 13 8029 61.7781
7 14 2952 61.6292
7 15 5907 183.463
7 16 2331 568.53
7 17 8354 20.4747
7 18 7000 1008.44
7 19 8981 83.6244
7 20 2083 47.5417
7 21 5294 293.877
7 22 3182 15.8383
7 23 7001 514.523
8 1 6499 32.825
8 2 1153 661.558
8 3 3756 403.227
8 4 4946 108.698
8 5 1278 109.32
8 6 6373 45.4694
8 7 3219 586.075
8 8 0 0
8 9 6703 83.6386
8 10 9220 377.884
8 11 7376 89.9628
8 12 4192 41.9274
8 13 3294 43.6429
8 14 6694 699.477
8 15 4737 226.272
8 16 6293 541.982
8 17 4623 770.867
8 18 4079 65.5151
8 19 6131 931.812
8 20 5921 47.3642
8 21 1617 352.976
8 22 1246 44.7592
8 23 466 913.784
9 1 8832 195.014
9 2 1380 84.9812
9 3 111 80.2926
9 4 4731 14.2791
9 5 7868 60.5651
9 6 7958 56.6923
9 7 3943 220.485
9 8 5357 804.718
9 9 0 0
9 10 1906 82.4146
9 11 3737 32.7018
9 12 8354 105.489
9 13 3163 310.996
9 14 9462 35.231
9 15 4880 90.2035
9 16 9438 314.864
9 17 9060 43.6873
9 18 449 73.4446
9 19 9176 575.468
9 20 2619 30.9903
9 21 4970 98.7022
9 22 5874 943.257
9 23 2027 48.0836
10 1 4516 427.774
10 2 5988 70.4311
10 3 4714 368.561
10 4 7478 33.5676
10 5 6762 25.7466
10 6 8488 59.7576
10 7 625 69.8979
10 8 4419 819.27
10 9 3042 13.2231
10 10 0 0
10 11 8973 462.878
10 12 6296 92.1022
10 13 5124 849.591
10 14 6538 561.375
10 15 8408 472.026
10 16 5042 13.8466
10 17 4033 501.182
10 18 3441 71.4889
10 19 5173 143.736
10 20 9318 284.74
10 21 4230 1002.79
10 22 6722 68.8894
10 23 5310 41.5351
11 1 2172 107.42
11 2 3097 97.0304
11 3 3498 44.0536
11 4 6528 11.9341
11 5 5011 482.189
11 6 7920 918.982
11 7 3871 31.6742
11 8 1444 338.726
11 9 6314 293.018
11 10 9348 507.392
11 11 0 0
11 12 184 67.616
11 13 2592 97.7882
11 14 1346 648.234
11 15 2264 24.6822
11 16 7482 60.4802
11 17 3977 80.7574
11 18 6169 53.2265
11 19 7099 721.109
11 20 2092 1006.98
11 21 3798 21.0905
11 22 7339 902.471
11 23 5607 903.054
12 1 3362 584.68
12 2 1997 985.816
12 3 9195 597.643
12 4 1099 12.5049
12 5 2884 431.772
12 6 7514 62.5512
12 7 8277 101.018
12 8 9191 68.3551
12 9 8269 398.016
12 10 7685 39.7777
12 11 4182 193.136
12 12 0 0
12 13 316 394.628
12 14 9909 102.16
12 15 4326 36.6227
12 16 4191 337.505
12 17 7022 332.171
12 18 4265 588.949
12 19 4938 48.086
12 20 5684 32.5294
12 21 5745 698.411
12 22 5009 658.095
12 23 7527 84.2577
13 1 5562 108.654
13 2 2950 894.791
13 3 7316 154.897
13 4 7533 209.127
13 5 700 85.8588
13 6 5262 830.262
13 7 1368 505.055
13 8 6358 77.5436
13 9 2191 264.46
13 10 8582 816.808
13 11 3880 40.8295
13 12 7280 356.565
13 13 0 0
13 14 9882 104.667
13 15 4569 540.371
13 16 1560 160.232
13 17 2780 81.6427
13 18 3773 822.508
13 19 5512 836.49
13 20 5682 66.1502
13 21 8466 78.4625
13 22 531 19.6541
13 23 5435 31.3495
14 1 6560 40.1715
14 2 1746 78.8705
14 3 8015 706.636
14 4 5985 914.457
14 5 593 79.3028
14 6 7524 38.7643
14 7 8875 47.6713
14 8 9657 618.332
14 9 3747 82.5078
14 10 6709 723.493
14 11 7845 468.368
14 12 8120 114.6
14 13 7770 95.1315
14 14 0 0
14 15 7497 467.101
14 16 8915 752.221
14 17 3391 30.1729
14 18 7283 61.1063
14 19 6432 934.682
14 20 2123 34.9394
14 21 4589 803.494
14 22 8406 913.548
14 23 6161 62.622
15 1 2423 29.1882
15 2 2399 60.7647
15 3 5222 829.296
15 4 1017 319.984
15 5 5298 44.9317
15 6 98 1003.45
15 7 7531 936.995
15 8 4481 34.6506
15 9 2735 175.474
15 10 8852 108.561
15 11 932 49.563
15 12 3342 102.157
15 13 2067 989.654
15 14 404 85.1149
15 15 0 0
15 16 3173 79.4283
15 17 1954 195.77
15 18 6403 93.3941
15 19 268 373.875
15 20 6610 58.9065
15 21 6924 76.7878
15 22 8384 10.4915
15 23 6058 45.1489
16 1 6499 174.703
16 2 2270 196.775
16 3 9466 629.437
16 4 9019 983.75
16 5 3712 27.4397
16 6 2020 480.772
16 7 8533 666.369
16 8 4361 73.4736
16 9 9314 942.092
16 10 8518 84.032
16 11 4372 120.184
16 12 2099 870.98
16 13 1772 40.2692
16 14 2337 794.637
16 15 6596 310.261
16 16 0 0
16 17 5729 786.559
16 18 6920 470.037
16 19 6554 61.617
16 20 9834 940.571
16 21 1341 19.887
16 22 3473 123.223
16 23 5595 963.287
17 1 4462 380.208
17 2 5952 15.827
17 3 9315 213.243
17 4 7306 73.9067
17 5 6545 739.618
17 6 7290 106.396
17 7 9170 10.9973
17 8 569 882.569
17 9 3898 100.324
17 10 5655 36.6686
17 11 8112 159.684
17 12 3439 27.1671
17 13 655 316.395
17 14 3472 738.255
17 15 263 918.022
17 16 9560 60.2065
17 17 0 0
17 18 2078 24.512
17 19 7131 86.9278
17 20 3236 124.861
17 21 4766 302.053
17 22 172 171.833
17 23 1228 36.8933
18 1 6622 77.1872
18 2 9303 407.029
18 3 8648 988.924
18 4 7929 887.594
18 5 3701 70.921
18 6 5798 114.341
18 7 1912 471.859
18 8 9165 804.986
18 9 5856 15.7009
18 10 6447 71.8136
18 11 3242 546.637
18 12 2852 25.7561
18 13 1639 79.4559
18 14 3444 40.2665
18 15 1909 90.4035
18 16 8910 218.642
18 17 5015 48.9054
18 18 0 0
18 19 4122 258.51
18 20 1888 15.3697
18 21 2776 105.43
18 22 6578 131.985
18 23 301 96.3151
19 1 7419 100.605
19 2 897 25.8713
19 3 3945 22.3197
19 4 4993 954.623
19 5 3876 402.27
19 6 3830 591
19 7 3269 90.2865
19 8 8718 229.698
19 9 7756 868.393
19 10 7005 49.0821
19 11 2121 224.011
19 12 8104 316.888
19 13 9234 557.045
19 14 2862 553.693
19 15 1138 50.1173
19 16 2325 68.1343
19 17 5588 889.191
19 18 3136 361.725
19 19 0 0
19 20 7768 71.7081
19 21 2725 221.897
19 22 7211 161.928
19 23 2866 141.735
20 1 3134 55.3981
20 2 6275 102.27
20 3 7553 756.542
20 4 8333 324.552
20 5 6387 97.5244
20 6 9955 492.314
20 7 1812 19.0061
20 8 4888 92.0471
20 9 9486 63.6694
20 10 5727 24.4784
20 11 8158 813.454
20 12 724 73.5901
20 13 1123 596.747
20 14 9582 58.2636
20 15 3581 611.449
20 16 6389 14.9168
20 17 5780 621.12
20 18 454 155.697
20 19 6473 53.7195
20 20 0 0
20 21 2309 529.2
20 22 9716 889.024
20 23 631 77.0239
21 1 1565 446.537
21 2 2712 589.089
21 3 45 77.9241
21 4 9152 626.182
21 5 5875 751.639
21 6 7980 77.2691
21 7 4546 631.237
21 8 9135 83.9204
21 9 4614 168.327
21 10 4117 43.2587
21 11 6623 194.688
21 12 6038 56.1171
21 13 695 57.6589
21 14 6982 20.6186
21 15 7557 842.275
21 16 7880 84.4919
21 17 9193 76.4588
21 18 7332 137.977
21 19 4378 289.868
21 20 2137 933.717
21 21 0 0
21 22 390 705.423
21 23 7555 28.1735
22 1 2271 440.915
22 2 5415 14.4413
22 3 9730 17.1397
22 4 7347 22.2987
22 5 5073 354.879
22 6 5733 88.0792
22 7 5284 104.993
22 8 6147 83.1308
22 9 2601 89.5173
22 10 2562 588.061
22 11 8742 669.059
22 12 7539 727.409
22 13 8105 46.9292
22 14 2667 366.349
22 15 5558 45.1269
22 16 1323 985.29
22 17 1801 106.762
22 18 5255 496.576
22 19 5802 96.4755
22 20 9120 38.6841
22 21 8545 224.004
22 22 0 0
22 23 7476 22.2834
23 1 2895 21.9516
23 2 2359 13.6325
23 3 3749 71.8181
23 4 2609 62.9672
23 5 9920 99.8774
23 6 2764 15.3574
23 7 6928 87.3138
23 8 2800 99.7539
23 9 6993 570.295
23 10 9072 29.2322
23 11 806 93.8033
23 12 1925 578.824
23 13 6127 517.683
23 14 1189 1009.49
23 15 2845 835.03
23 16 2731 944.239
23 17 6995 15.842
23 18 4589 109.275
23 19 4427 41.5281
23 20 8901 78.5081
23 21 4605 829.555
23 22 9645 18.7996
23 23 0 0
40
208
228
349
249
43
99
95
130
90
178
482
79
173
261
220
114
193
132
42
118
362
443
