10
0.25
1 1 0 0
1 2 5471 89.8485
1 3 7636 95.489
1 4 8737 635.792
1 5 4256 62.4937
1 6 3046 607.046
1 7 3229 125.512
1 8 5782 27.7584
1 9 2755 74.8517
1 10 7959 59.1236
2 1 1937 25.7014
2 2 0 0
2 3 4117 101.357
2 4 8641 49.3034
2 5 8455 839.018
2 6 5670 585.731
2 7 1704 479.267
2 8 137 92.236
2 9 8840 30.4857
2 10 9265 691.756
3 1 2587 479.412
3 2 8878 11.1685
3 3 0 0
3 4 172 744.109
3 5 5044 29.2189
3 6 5229 27.9092
3 7 3543 79.8558
3 8 1190 16.2767
3 9 4337 603.188
3 10 3637 810.434
4 1 2421 519.697
4 2 1131 571.512
4 3 8408 123.646
4 4 0 0
4 5 9621 46.1681
4 6 6592 20.4101
4 7 606 205.796
4 8 9456 272.56
4 9 1046 45.6885
4 10 1126 85.8167
5 1 6573 544.867
5 2 5875 921.621
5 3 5434 864.595
5 4 5913 51.2913
5 5 0 0
5 6 2899 753.588
5 7 9563 86.0192
5 8 8196 512.028
5 9 3603 808.114
5 10 1456 234.18
6 1 6163 259.494
6 2 1508 79.6416
6 3 2685 86.9802
6 4 5311 25.1409
6 5 5620 41.065
6 6 0 0
6 7 8844 269.208
6 8 1507 83.1192
6 9 2302 928.792
6 10 9161 10.11
7 1 9277 686.673
7 2 190 10.8277
7 3 6239 68.9102
7 4 1061 31.9581
7 5 3430 419.41
7 6 828 82.0102
7 7 0 0
7 8 1664 36.5302
7 9 1911 50.6692
7 10 8161 258.371
8 1 1020 108.614
8 2 6296 98.2548
8 3 5035 39.4491
8 4 4715 307.781
8 5 5557 52.7287
8 6 9789 604.628
8 7 9197 664.401
8 8 0 0
8 9 6989 11.9517
8 10 5122 53.3566
9 1 6806 75.6738
9 2 2941 201.061
9 3 4428 93.465
9 4 5426 821.684
9 5 2098 381.658
9 6 2306 220.987
9 7 8734 109.473
9 8 6693 198.526
9 9 0 0
9 10 8157 798.795
10 1 8321 25.9487
10 2 5989 13.1795
10 3 2519 42.4511
10 4 7072 13.8735
10 5 5278 861.139
10 6 7327 780.002
10 7 5811 394.424
10 8 5438 101.399
10 9 9640 86.8102
10 10 0 0
95
26
171
469
347
495
23
188
476
68
