6
0.5
1 1 0 0
1 2 6709 48.6439
1 3 2851 818.626
1 4 2712 219.867
1 5 928 413.72
1 6 9299 482.775
2 1 7419 96.6177
2 2 0 0
2 3 3518 413.354
2 4 1866 356.263
2 5 257 463.323
2 6 8954 122.318
3 1 8856 52.0622
3 2 2274 27.6317
3 3 0 0
3 4 2149 76.3577
3 5 4861 33.5051
3 6 6658 760.011
4 1 5895 54.8633
4 2 7633 42.702
4 3 8440 109.041
4 4 0 0
4 5 9715 1002.25
4 6 6309 736.938
5 1 1552 47.1683
5 2 3826 454.733
5 3 3591 238.129
5 4 9785 48.3658
5 5 0 0
5 6 7335 461.727
6 1 8100 259.305
6 2 6714 111.743
6 3 620 501.268
6 4 8442 686.955
6 5 7339 25.7525
6 6 0 0
342
337
402
160
164
266
