22
0.5
1 1 0 0
1 2 3012 65.4315
1 3 8197 65.8485
1 4 161 677.482
1 5 5806 479.415
1 6 4220 512.793
1 7 3520 101.946
1 8 7461 753.221
1 9 3224 30.8226
1 10 1777 225.463
1 11 9417 86.8158
1 12 6931 60.5315
1 13 7646 818.772
1 14 1444 98.4032
1 15 3315 233.278
1 16 3356 97.8349
1 17 9851 688.152
1 18 1727 64.6418
1 19 700 35.9077
1 20 3199 73.9537
1 21 9984 20.5151
1 22 3616 273.629
2 1 8903 102.19
2 2 0 0
2 3 8240 876.513
2 4 4844 509.335
2 5 9677 851.364
2 6 5321 25.0002
2 7 1891 34.9876
2 8 4129 22.0039
2 9 8265 60.0765
2 10 2031 102.093
2 11 1952 12.3919
2 12 3743 46.4042
2 13 9249 59.9786
2 14 1337 108.633
2 15 9460 72.9999
2 16 7839 606.677
2 17 2698 928.124
2 18 7850 347.561
2 19 6521 73.2141
2 20 6839 320.546
2 21 8221 857.716
2 22 7600 190.036
3 1 8972 21.6281
3 2 135 64.048
3 3 0 0
3 4 4402 685.913
3 5 1483 410.928
3 6 7580 403.677
3 7 1717 30.0579
3 8 3650 18.0709
3 9 227 77.3606
3 10 7784 18.4421
3 11 9938 586.783
3 12 5591 17.2595
3 13 9335 448.372
3 14 6015 183.448
3 15 1660 129.188
3 16 1592 39.0593
3 17 4053 947.537
3 18 9525 190.059
3 19 9921 61.8926
3 20 9978 97.5067
3 21 1646 282.402
3 22 8670 17.4972
4 1 6650 88.2562
4 2 6923 59.3807
4 3 5302 93.8704
4 4 0 0
4 5 5978 423.932
4 6 1648 23.7613
4 7 6515 357.31
4 8 9804 116.235
4 9 2002 82.4936
4 10 7682 61.1278
4 11 4445 274.847
4 12 3967 492.375
4 13 31 34.419
4 14 3392 236.207
4 15 8236 839.353
4 16 5791 457.305
4 17 7775 290.642
4 18 542 51.0072
4 19 7968 519.203
4 20 540 76.2456
4 21 5494 54.6613
4 22 7475 944.269
5 1 9468 66.3797
5 2 192 60.8644
5 3 1308 897.998
5 4 4407 1002.45
5 5 0 0
5 6 9894 769.546
5 7 3647 46.9334
5 8 9235 44.0744
5 9 5692 558.844
5 10 1961 36.6035
5 11 9415 66.7289
5 12 8352 245.168
5 13 8401 773.479
5 14 8511 109.093
5 15 3716 341.444
5 16 9313 102.264
5 17 8169 121.834
5 18 6439 10.5251
5 19 9773 337.831
5 20 2207 140.702
5 21 8185 77.8711
5 22 8027 464.231
6 1 8116 711.455
6 2 1845 656.588
6 3 154 21.8985
6 4 6129 66.5949
6 5 251 278.124
6 6 0 0
6 7 3062 645.58
6 8 5234 27.7521
6 9 956 65.6403
6 10 2073 228.838
6 11 2413 109.095
6 12 7796 770.971
6 13 2064 723.11
6 14 2875 853.509
6 15 4638 24.4622
6 16 3598 385.996
6 17 9755 100.696
6 18 5992 88.268
6 19 707 448.755
6 20 5859 35.446
6 21 865 19.267
6 22 6780 198.553
7 1 2005 315.589
7 2 5052 444.704
7 3 5989 100.734
7 4 482 656.149
7 5 3051 772.956
7 6 3783 273.013
7 7 0 0
7 8 8805 484.154
7 9 322 62.7079
7 10 9225 20.0499
7 11 3539 74.8646
7 12 7734 882.975
7 13 3655 430.073
7 14 4160 418.927
7 15 2675 415.484
7 16 2154 77.7869
7 17 5661 871.663
7 18 2078 23.4386
7 19 1417 15.2442
7 20 3047 844.669
7 21 8437 68.0162
7 22 2680 14.9892
8 1 6895 966.969
8 2 4902 24.4903
8 3 4043 85.8315
8 4 4268 27.3201
8 5 5332 306.525
8 6 3227 216.554
8 7 5013 352.043
8 8 0 0
8 9 197 967.454
8 10 5996 24.5454
8 11 5542 104.599
8 12 841 21.0476
8 13 6944 72.7791
8 14 6194 65.3886
8 15 1777 544.911
8 16 6743 43.3821
8 17 8524 223.628
8 18 8629 658.489
8 19 7380 175.48
8 20 4003 875.101
8 21 4741 49.6
8 22 7329 641.15
9 1 8125 1000.62
9 2 8587 893.352
9 3 4094 81.4814
9 4 6799 26.2881
9 5 2365 99.2158
9 6 5574 638.204
9 7 1492 842.288
9 8 9517 63.6137
9 9 0 0
9 10 8088 329.913
9 11 6237 243.506
9 12 7210 243.887
9 13 9557 56.5958
9 14 3674 78.8034
9 15 6533 83.3159
9 16 3465 101.833
9 17 402 52.9628
9 18 6005 959.255
9 19 3177 444.665
9 20 1561 13.1311
9 21 9404 843.793
9 22 1195 962.587
10 1 230 11.5483
10 2 9057 67.6369
10 3 5803 180.156
10 4 7213 140.663
10 5 8161 77.1519
10 6 3630 451.214
10 7 999 70.5226
10 8 4272 38.6569
10 9 4542 117.507
10 10 0 0
10 11 1843 482.926
10 12 7948 21.5539
10 13 1445 101.87
10 14 2779 607.215
10 15 8750 323.973
10 16 8075 168.188
10 17 2682 768.064
10 18 7709 955.889
10 19 5379 267.8
10 20 3780 11.371
10 21 5501 457.126
10 22 7752 89.1933
11 1 3739 61.409
11 2 6191 311.632
11 3 8939 32.7874
11 4 4502 31.1144
11 5 6932 78.1072
11 6 4937 596.913
11 7 5342 46.3331
11 8 6061 51.6384
11 9 2850 55.5628
11 10 551 65.7886
11 11 0 0
11 12 5747 46.3896
11 13 7495 55.0028
11 14 654 996.437
11 15 6086 20.3785
11 16 8304 483.593
11 17 7290 63.7075
11 18 7691 99.9455
11 19 6483 68.9391
11 20 8209 81.4389
11 21 1063 757.377
11 22 6643 90.3892
12 1 9098 812.632
12 2 1206 350.811
12 3 8069 83.2403
12 4 468 23.5595
12 5 4731 40.8452
12 6 4921 29.6862
12 7 5473 68.6275
12 8 7464 917.457
12 9 2746 200.477
12 10 5425 709.621
12 11 5592 958.977
12 12 0 0
12 13 3085 34.0179
12 14 3197 90.11
12 15 429 94.2884
12 16 8065 14.6603
12 17 4691 109.917
12 18 2001 16.392
12 19 6057 38.2486
12 20 2412 21.0498
12 21 8913 20.5843
12 22 1308 642.415
13 1 6148 150.243
13 2 7734 71.5764
13 3 8506 172.763
13 4 6768 264.832
13 5 9811 439.048
13 6 1677 594.864
13 7 5203 41.1671
13 8 1302 42.3858
13 9 8332 46.8803
13 10 1994 260.398
13 11 8682 87.1276
13 12 5953 37.2247
13 13 0 0
13 14 8229 495.715
13 15 5978 64.7274
13 16 3931 86.5376
13 17 9715 346.883
13 18 6098 42.0422
13 19 6896 72.3452
13 20 7561 53.6449
13 21 7165 469.035
13 22 356 650.186
14 1 7517 32.0081
14 2 4547 109.982
14 3 1877 92.2288
14 4 3923 744.088
14 5 9025 744.39
14 6 9184 897.116
14 7 3162 484.751
14 8 7019 70.7794
14 9 9667 402.087
14 10 5120 56.0046
14 11 9526 105.191
14 12 4266 493.454
14 13 6904 31.743
14 14 0 0
14 15 5152 50.8675
14 16 7877 58.6235
14 17 405 44.9743
14 18 4290 376.564
14 19 7188 90.4862
14 20 7430 81.867
14 21 3363 368.389
14 22 7317 59.5293
15 1 7949 411.63
15 2 3488 573.116
15 3 9912 62.7023
15 4 3856 15.8728
15 5 5036 505.113
15 6 9550 25.6601
15 7 4293 76.6643
15 8 3180 471.689
15 9 3374 10.7725
15 10 1585 934.08
15 11 5330 55.1692
15 12 9155 593.429
15 13 1291 24.158
15 14 2011 870.232
15 15 0 0
15 16 3990 483.776
15 17 9115 96.9327
15 18 7845 62.1636
15 19 6255 48.4987
15 20 7660 91.2001
15 21 3534 312.189
15 22 9753 56.0978
16 1 6937 87.182
16 2 5638 462.147
16 3 7361 920.634
16 4 2686 73.3514
16 5 5668 75.5763
16 6 6948 44.3944
16 7 66 60.2919
16 8 8805 861.358
16 9 176 757.651
16 10 4199 697.09
16 11 5175 17.1306
16 12 241 473.414
16 13 2013 400.437
16 14 7994 921.103
16 15 5926 62.0526
16 16 0 0
16 17 5359 47.5307
16 18 585 152.088
16 19 1138 38.2559
16 20 6743 89.7492
16 21 5338 620.967
16 22 9549 184.675
17 1 7587 17.2047
17 2 4392 54.466
17 3 8327 162.749
17 4 9734 680.087
17 5 1376 96.6003
17 6 7450 272.132
17 7 563 906.973
17 8 8376 68.2527
17 9 774 630.984
17 10 7511 57.3321
17 11 8228 921.358
17 12 2213 48.7243
17 13 3177 91.1608
17 14 160 827.969
17 15 5182 16.2088
17 16 5190 897.909
17 17 0 0
17 18 6603 89.8352
17 19 4578 74.4774
17 20 2940 27.4828
17 21 8592 85.6017
17 22 6708 51.8402
18 1 3883 676.642
18 2 8482 220.76
18 3 8498 106.186
18 4 9859 54.0462
18 5 628 12.188
18 6 8685 858.199
18 7 4226 211.978
18 8 7640 98.0708
18 9 4267 505.357
18 10 2710 32.06
18 11 7854 22.8483
18 12 443 673.667
18 13 5157 988.9
18 14 1729 754.27
18 15 7889 835.78
18 16 4735 58.5561
18 17 9183 72.0586
18 18 0 0
18 19 8664 91.3383
18 20 7600 78.4935
18 21 3503 80.8564
18 22 7305 89.5628
19 1 1219 43.3369
19 2 8423 143.396
19 3 5428 23.6781
19 4 3770 46.3036
19 5 2285 18.9182
19 6 282 107.066
19 7 8690 42.5525
19 8 4098 338.593
19 9 7802 15.5469
19 10 6510 102.455
19 11 459 70.2492
19 12 4481 40.0043
19 13 7076 107.906
19 14 4455 18.0016
19 15 894 634.78
19 16 7783 471.555
19 17 9347 802.318
19 18 6875 507.778
19 19 0 0
19 20 7338 83.2929
19 21 3446 749.462
19 22 6703 72.4768
20 1 255 49.2878
20 2 9259 12.2693
20 3 1798 268.483
20 4 5760 936.027
20 5 5881 520.887
20 6 4048 643.649
20 7 6221 117.696
20 8 2704 627.961
20 9 7002 883.01
20 10 6419 678.47
20 11 1231 43.7709
20 12 7157 24.1239
20 13 8681 81.1392
20 14 3222 56.5817
20 15 3065 46.6581
20 16 1196 48.4348
20 17 9953 94.4643
20 18 6138 86.0594
20 19 3905 23.4065
20 20 0 0
20 21 3413 104.322
20 22 1472 116.002
21 1 5268 932.468
21 2 1877 47.1677
21 3 5756 63.3644
21 4 4150 13.3151
21 5 1194 341.753
21 6 9884 32.1766
21 7 9799 210.971
21 8 1924 44.266
21 9 9706 48.6294
21 10 8904 966.641
21 11 3421 456.58
21 12 8868 97.8803
21 13 7044 61.1793
21 14 6413 37.1577
21 15 9207 76.9043
21 16 3122 347.839
21 17 4380 395.663
21 18 8389 440.474
21 19 5799 355.284
21 20 9381 89.8563
21 21 0 0
21 22 366 22.802
22 1 2263 44.7779
22 2 3754 26.9232
22 3 8060 15.8197
22 4 952 391.253
22 5 7274 62.2751
22 6 9684 42.7332
22 7 7967 97.1056
22 8 8734 38.7988
22 9 9046 62.1345
22 10 3078 687.127
22 11 3394 77.7803
22 12 929 99.505
22 13 5085 872.512
22 14 6366 623.34
22 15 2317 57.9287
22 16 9175 692.119
22 17 4035 432.809
22 18 1525 54.0142
22 19 7703 942.03
22 20 5121 53.4966
22 21 9904 92.4994
22 22 0 0
216
496
104
159
82
280
144
300
408
232
117
15
192
144
454
257
179
65
168
56
410
226
