12
0.5
1 1 0 0
1 2 6196 100.801
1 3 4000 78.7897
1 4 119 514.85
1 5 2035 71.1741
1 6 4090 10.2453
1 7 8073 46.163
1 8 5368 770.814
1 9 7395 223.011
1 10 2883 885.625
1 11 430 479.063
1 12 3386 986.576
2 1 6526 107.801
2 2 0 0
2 3 692 98.3677
2 4 4333 580.425
2 5 8919 25.0911
2 6 1558 60.8366
2 7 5024 86.8706
2 8 2891 681.426
2 9 8272 45.4087
2 10 1352 89.6694
2 11 5143 52.2423
2 12 9542 94.7575
3 1 8026 56.2136
3 2 636 55.5417
3 3 0 0
3 4 7741 417.256
3 5 2369 95.3612
3 6 8760 50.6787
3 7 852 29.5428
3 8 6314 51.0399
3 9 2886 71.6647
3 10 9986 66.9401
3 11 3810 57.2262
3 12 8359 468.145
4 1 103 13.1901
4 2 1077 90.527
4 3 1725 88.0706
4 4 0 0
4 5 6471 41.9838
4 6 683 28.3482
4 7 1758 594.648
4 8 5281 408.96
4 9 1684 105.482
4 10 4353 660.79
4 11 9813 52.8946
4 12 7812 25.5473
5 1 9980 568.95
5 2 644 414.238
5 3 8658 209.702
5 4 5399 724.049
5 5 0 0
5 6 6461 71.8704
5 7 3766 277.754
5 8 1370 55.7894
5 9 8063 71.1546
5 10 6092 586.284
5 11 3483 824.245
5 12 7226 790.846
6 1 1413 893.343
6 2 4766 985.348
6 3 6045 56.3648
6 4 8806 553.67
6 5 3012 266.455
6 6 0 0
6 7 7901 76.3667
6 8 9812 43.4707
6 9 8906 751.838
6 10 3544 353.203
6 11 179 180.706
6 12 7186 39.6138
7 1 1698 80.0634
7 2 7481 60.3604
7 3 7923 72.2008
7 4 1134 74.0491
7 5 2395 105.802
7 6 3392 680.062
7 7 0 0
7 8 4828 52.7423
7 9 2870 37.2991
7 10 5329 372.24
7 11 2186 35.4119
7 12 437 45.2868
8 1 8742 95.8189
8 2 8850 494.13
8 3 872 859.395
8 4 4926 32.1739
8 5 8734 69.0552
8 6 359 107.289
8 7 8597 63.9526
8 8 0 0
8 9 4228 583.21
8 10 3533 95.4787
8 11 1573 36.7601
8 12 2171 88.6999
9 1 5020 97.6629
9 2 8925 90.1605
9 3 3252 75.4048
9 4 5902 271.959
9 5 3039 248.6
9 6 3570 42.5809
9 7 3742 876.788
9 8 1031 42.2436
9 9 0 0
9 10 1679 861.79
9 11 7385 36.0597
9 12 9278 15.8658
10 1 7984 581.593
10 2 4637 30.5355
10 3 5282 101.796
10 4 2365 47.9468
10 5 716 27.3047
10 6 9557 20.446
10 7 1512 10.3172
10 8 7823 977.562
10 9 2577 45.0498
10 10 0 0
10 11 866 20.1671
10 12 1542 53.07
11 1 5477 471.492
11 2 7598 42.4281
11 3 9342 88.1225
11 4 1070 79.5906
11 5 1379 727.159
11 6 7201 725.09
11 7 9365 554.488
11 8 2149 57.2953
11 9 7723 297.483
11 10 1109 96.4708
11 11 0 0
11 12 7583 38.4788
12 1 398 211.772
12 2 1808 887.619
12 3 4854 560.928
12 4 9456 557.509
12 5 5710 83.415
12 6 8293 153.093
12 7 1590 636.129
12 8 9338 30.9318
12 9 815 961.317
12 10 4005 433.72
12 11 3546 93.1881
12 12 0 0
423
227
245
2
81
346
351
389
327
176
99
362
