27
0.75
1 1 0 0
1 2 287 11.9532
1 3 418 85.3349
1 4 948 52.8205
1 5 528 697.521
1 6 996 84.4743
1 7 419 1007.92
1 8 267 96.6329
1 9 710 12.0753
1 10 967 58.1429
1 11 17 51.963
1 12 267 107.693
1 13 854 768.66
1 14 549 620.706
1 15 184 101.647
1 16 363 74.8427
1 17 170 24.9815
1 18 677 629.19
1 19 625 809.89
1 20 440 216.336
1 21 526 31.2226
1 22 684 708.447
1 23 110 16.9887
1 24 109 514.196
1 25 767 12.6246
1 26 597 21.4017
1 27 962 61.4267
2 1 992 197.78
2 2 0 0
2 3 471 18.063
2 4 718 305.206
2 5 328 673.778
2 6 184 362.611
2 7 999 49.198
2 8 744 124.139
2 9 620 52.5825
2 10 638 41.1991
2 11 716 155.787
2 12 167 333.191
2 13 327 224.759
2 14 345 79.5822
2 15 453 789.87
2 16 354 629.373
2 17 943 787.032
2 18 205 607.766
2 19 860 617.318
2 20 748 314.239
2 21 742 109.515
2 22 53 1000.2
2 23 412 249.143
2 24 427 10.8545
2 25 178 961.628
2 26 296 22.5492
2 27 106 385.317
3 1 856 459.843
3 2 461 19.6377
3 3 0 0
3 4 609 24.2338
3 5 79 69.1754
3 6 984 702.007
3 7 478 871.293
3 8 99 605.904
3 9 620 108.846
3 10 833 885.82
3 11 841 575.813
3 12 277 140.436
3 13 607 107.629
3 14 656 898.607
3 15 850 105.743
3 16 9 23.4892
3 17 134 25.6926
3 18 490 104.232
3 19 696 33.0537
3 20 67 760.023
3 21 363 12.8962
3 22 209 62.8397
3 23 512 877.763
3 24 399 505.224
3 25 887 940.418
3 26 641 81.8589
3 27 15 24.6886
4 1 986 495.244
4 2 65 13.8759
4 3 251 289.824
4 4 0 0
4 5 564 668.162
4 6 197 214.016
4 7 649 500.982
4 8 353 582.832
4 9 142 684.49
4 10 391 60.5081
4 11 944 81.5445
4 12 714 712.078
4 13 314 729.352
4 14 250 50.7453
4 15 235 67.1215
4 16 63 98.702
4 17 840 185.481
4 18 584 794.112
4 19 680 48.7463
4 20 831 532.355
4 21 63 37.8542
4 22 927 671.367
4 23 40 506.963
4 24 863 906.756
4 25 741 348.908
4 26 361 44.8918
4 27 678 367.646
5 1 661 48.3618
5 2 692 63.6271
5 3 904 21.8259
5 4 119 865.556
5 5 0 0
5 6 502 75.6178
5 7 906 139.704
5 8 570 74.9007
5 9 435 893.48
5 10 174 74.5619
5 11 808 438.022
5 12 665 106.121
5 13 611 798.507
5 14 96 22.7689
5 15 14 373.109
5 16 845 62.9801
5 17 307 792.617
5 18 53 58.97
5 19 125 20.9867
5 20 773 106.21
5 21 10 919.757
5 22 625 49.6893
5 23 29 913.745
5 24 826 56.9619
5 25 305 673.381
5 26 507 253.629
5 27 425 57.5845
6 1 566 26.5502
6 2 784 858.354
6 3 533 22.421
6 4 815 58.9853
6 5 853 19.3844
6 6 0 0
6 7 975 790.236
6 8 109 11.0315
6 9 900 793.319
6 10 786 707.165
6 11 300 51.67
6 12 187 460.758
6 13 384 28.2623
6 14 373 288.085
6 15 929 524.176
6 16 723 359.803
6 17 222 936.054
6 18 762 707.592
6 19 704 50.3394
6 20 891 80.6015
6 21 848 450.382
6 22 828 62.8123
6 23 985 57.8256
6 24 232 441.593
6 25 88 91.518
6 26 539 390.627
6 27 203 109.109
7 1 550 14.883
7 2 946 91.7652
7 3 187 72.4226
7 4 745 258.146
7 5 966 322.021
7 6 784 89.2291
7 7 0 0
7 8 647 31.7078
7 9 440 809.677
7 10 869 74.6565
7 11 30 38.9499
7 12 862 877.428
7 13 543 727.399
7 14 385 43.665
7 15 304 775.893
7 16 187 253.355
7 17 430 564.064
7 18 206 106.731
7 19 321 210.873
7 20 658 460.362
7 21 898 17.8066
7 22 394 76.7562
7 23 493 983.205
7 24 865 504.98
7 25 128 387.331
7 26 436 440.555
7 27 937 850.571
8 1 820 105.358
8 2 896 52.616
8 3 988 103.573
8 4 58 46.6955
8 5 197 575.172
8 6 325 718.579
8 7 294 94.1609
8 8 0 0
8 9 724 74.0614
8 10 243 106.646
8 11 906 1002.1
8 12 224 28.2196
8 13 741 72.7033
8 14 434 298.522
8 15 639 855.79
8 16 126 78.7551
8 17 401 10.0366
8 18 99 93.343
8 19 772 109.606
8 20 362 950.886
8 21 751 89.7205
8 22 332 64.9577
8 23 301 124.048
8 24 657 612.1
8 25 348 745.984
8 26 850 62.4979
8 27 568 22.8666
9 1 491 915.271
9 2 62 556.831
9 3 429 226.376
9 4 411 668.406
9 5 779 105.541
9 6 948 25.4302
9 7 69 643.869
9 8 442 666.362
9 9 0 0
9 10 560 451.267
9 11 644 15.7649
9 12 243 29.9042
9 13 679 871.751
9 14 130 66.8865
9 15 566 762.281
9 16 266 506.048
9 17 331 25.1769
9 18 799 694.347
9 19 576 63.5478
9 20 39 73.3473
9 21 501 48.7829
9 22 144 65.5071
9 23 241 64.1185
9 24 973 53.6903
9 25 232 94.9361
9 26 879 87.7886
9 27 538 44.6721
10 1 453 199.795
10 2 962 859.391
10 3 291 292.601
10 4 233 1005.73
10 5 69 152.277
10 6 802 72.569
10 7 215 50.0555
10 8 353 88.0511
10 9 152 60.6119
10 10 0 0
10 11 338 110.803
10 12 319 475.835
10 13 143 72.8376
10 14 910 25.4637
10 15 358 615.121
10 16 156 428.714
10 17 366 444.95
10 18 949 756.91
10 19 595 25.6407
10 20 985 389.803
10 21 502 198.543
10 22 223 504.003
10 23 740 400.088
10 24 181 76.3564
10 25 552 239.286
10 26 349 38.6843
10 27 473 743.207
11 1 883 210.079
11 2 461 58.6801
11 3 356 414.218
11 4 130 101.668
11 5 280 843.735
11 6 944 50.2234
11 7 862 61.9272
11 8 483 51.8928
11 9 677 56.7574
11 10 577 94.4081
11 11 0 0
11 12 595 32.3945
11 13 872 103.506
11 14 109 62.2385
11 15 932 106.396
11 16 112 88.9697
11 17 947 56.5041
11 18 112 688.426
11 19 82 175.868
11 20 681 392.855
11 21 323 21.4933
11 22 488 46.9762
11 23 495 30.2673
11 24 899 464.573
11 25 120 214.627
11 26 139 1008.81
11 27 932 74.156
12 1 476 62.2599
12 2 725 87.6086
12 3 362 350.464
12 4 382 586.403
12 5 29 16.4821
12 6 725 105.492
12 7 728 114.709
12 8 574 16.8484
12 9 744 84.2912
12 10 81 34.369
12 11 646 22.5706
12 12 0 0
12 13 698 669.688
12 14 950 77.4398
12 15 729 397.921
12 16 805 24.6977
12 17 276 811.325
12 18 404 107.287
12 19 226 839.035
12 20 614 77.0827
12 21 890 553.291
12 22 399 283.904
12 23 71 427.859
12 24 30 94.0999
12 25 927 336.121
12 26 108 476.72
12 27 355 444.645
13 1 773 837.387
13 2 984 32.0893
13 3 756 359.132
13 4 398 62.4766
13 5 992 691.448
13 6 89 55.97
13 7 615 435.306
13 8 518 795.15
13 9 68 140.802
13 10 225 611.001
13 11 359 66.4806
13 12 984 604.592
13 13 0 0
13 14 342 38.2418
13 15 387 27.3711
13 16 96 84.1813
13 17 807 292.327
13 18 792 80.2506
13 19 511 153.284
13 20 351 67.2985
13 21 821 237.79
13 22 486 94.2097
13 23 361 14.3977
13 24 167 97.3104
13 25 184 496.038
13 26 976 37.7291
13 27 761 130.731
14 1 411 956.806
14 2 567 63.2273
14 3 602 83.2536
14 4 435 334.717
14 5 848 845.688
14 6 949 31.9245
14 7 426 45.5785
14 8 768 516.027
14 9 193 248.96
14 10 61 64.1307
14 11 297 224.606
14 12 501 657.572
14 13 625 336.914
14 14 0 0
14 15 527 39.8807
14 16 765 58.1613
14 17 458 58.3474
14 18 395 26.5441
14 19 466 35.663
14 20 581 37.7902
14 21 845 356.11
14 22 534 980.977
14 23 507 900.744
14 24 806 653.88
14 25 776 595.589
14 26 311 101.397
14 27 902 326.233
15 1 181 70.5396
15 2 929 50.4828
15 3 182 79.0054
15 4 938 500.829
15 5 181 90.4498
15 6 762 55.4878
15 7 93 67.7654
15 8 778 38.7515
15 9 707 76.3411
15 10 201 43.4178
15 11 485 210.385
15 12 169 63.0045
15 13 903 560.401
15 14 464 33.0628
15 15 0 0
15 16 962 723.645
15 17 533 68.5131
15 18 693 926.471
15 19 295 96.6146
15 20 417 643.412
15 21 800 614.968
15 22 188 881.151
15 23 208 570.503
15 24 969 36.6427
15 25 947 23.947
15 26 118 177.028
15 27 188 88.5699
16 1 640 291.716
16 2 949 43.3293
16 3 209 16.0915
16 4 869 33.7251
16 5 855 187.557
16 6 139 947.193
16 7 708 12.0569
16 8 140 47.2845
16 9 743 480.382
16 10 392 844.376
16 11 181 756.239
16 12 628 56.0524
16 13 468 81.7002
16 14 375 16.9063
16 15 113 57.5112
16 16 0 0
16 17 878 108.041
16 18 834 65.2843
16 19 791 844.559
16 20 629 47.965
16 21 439 733.624
16 22 895 24.4017
16 23 958 903.246
16 24 172 646.28
16 25 735 442.447
16 26 833 13.2044
16 27 793 407.687
17 1 42 90.8924
17 2 516 335.022
17 3 761 18.9602
17 4 692 715.222
17 5 512 567.054
17 6 255 358.613
17 7 391 816.665
17 8 845 38.0679
17 9 95 105.981
17 10 845 60.5295
17 11 550 72.5263
17 12 726 38.077
17 13 466 212.673
17 14 289 19.3326
17 15 539 551.978
17 16 555 923.877
17 17 0 0
17 18 662 637.735
17 19 240 218.716
17 20 338 706.677
17 21 288 178.737
17 22 173 64.0513
17 23 493 359.925
17 24 569 176.173
17 25 463 10.65
17 26 763 57.6424
17 27 510 57.0046
18 1 832 692.241
18 2 809 70.8966
18 3 615 85.4723
18 4 615 329.956
18 5 943 59.1348
18 6 835 87.7306
18 7 765 845.719
18 8 638 52.6191
18 9 994 17.6693
18 10 523 17.5259
18 11 211 68.6352
18 12 487 557.38
18 13 691 105.956
18 14 779 90.9778
18 15 226 102.267
18 16 281 105.294
18 17 46 309.783
18 18 0 0
18 19 646 453.495
18 20 47 807.967
18 21 968 377.779
18 22 418 523.932
18 23 73 542.762
18 24 354 10.531
18 25 229 102.673
18 26 349 639.627
18 27 164 88.4478
19 1 358 773.604
19 2 132 108.257
19 3 592 604.897
19 4 473 42.5999
19 5 505 65.501
19 6 404 121.27
19 7 924 271.574
19 8 580 791.854
19 9 717 193.66
19 10 325 168.269
19 11 908 271.055
19 12 660 260.435
19 13 304 533.545
19 14 813 679.424
19 15 669 59.1623
19 16 753 785.231
19 17 480 102.459
19 18 619 65.0645
19 19 0 0
19 20 675 445.499
19 21 511 50.3729
19 22 634 84.575
19 23 896 39.9661
19 24 301 35.0862
19 25 370 438.022
19 26 92 108.386
19 27 138 663.951
20 1 691 37.665
20 2 539 910.845
20 3 417 476.72
20 4 444 109.811
20 5 158 51.0199
20 6 514 12.0508
20 7 796 589.73
20 8 715 47.5164
20 9 200 77.4673
20 10 517 57.9293
20 11 720 109.417
20 12 906 54.496
20 13 173 69.6667
20 14 24 377.748
20 15 134 46.6192
20 16 857 243.283
20 17 656 97.2219
20 18 413 82.9911
20 19 104 57.5692
20 20 0 0
20 21 497 11.6358
20 22 634 71.9251
20 23 255 46.2499
20 24 238 782.729
20 25 524 28.3355
20 26 337 220.791
20 27 441 961.994
21 1 622 811.355
21 2 163 52.1216
21 3 285 50.6446
21 4 700 153.284
21 5 896 479.131
21 6 287 16.5828
21 7 599 11.7701
21 8 882 73.3992
21 9 281 73.0787
21 10 412 972.645
21 11 733 723.95
21 12 804 98.7417
21 13 200 105.544
21 14 531 78.0837
21 15 153 62.2416
21 16 699 568.916
21 17 79 64.5549
21 18 408 434.879
21 19 585 28.3355
21 20 150 32.8675
21 21 0 0
21 22 35 286.711
21 23 268 497.167
21 24 507 23.6998
21 25 879 544.806
21 26 583 42.667
21 27 59 68.5009
22 1 281 62.5803
22 2 155 310.668
22 3 525 872.941
22 4 137 936.756
22 5 899 64.3046
22 6 842 85.0175
22 7 694 366.822
22 8 1 359.59
22 9 812 840.287
22 10 619 50.4492
22 11 107 503.759
22 12 806 47.376
22 13 311 24.2155
22 14 508 85.4479
22 15 652 157.618
22 16 646 61.6404
22 17 890 1007.62
22 18 825 40.1859
22 19 632 398.501
22 20 164 718.823
22 21 602 63.6332
22 22 0 0
22 23 996 16.3631
22 24 222 109.222
22 25 589 26.1199
22 26 249 308.776
22 27 524 23.2969
23 1 779 52.0789
23 2 981 528.265
23 3 941 158.991
23 4 248 400.484
23 5 428 752.302
23 6 619 659.464
23 7 10 68.5955
23 8 70 969.655
23 9 733 468.632
23 10 459 928.271
23 11 514 107.104
23 12 928 510.168
23 13 858 720.715
23 14 547 282.958
23 15 243 474.339
23 16 743 943.073
23 17 726 92.9035
23 18 384 14.181
23 19 385 441.928
23 20 627 79.0756
23 21 665 708.721
23 22 106 521.673
23 23 0 0
23 24 684 509.252
23 25 321 96.8557
23 26 583 918.017
23 27 565 102.477
24 1 933 405.886
24 2 558 99.8495
24 3 525 158.289
24 4 578 930.316
24 5 28 11.2207
24 6 204 85.5211
24 7 78 93.5353
24 8 717 591.225
24 9 133 38.2907
24 10 354 438.541
24 11 759 51.9507
24 12 513 74.0187
24 13 836 94.64
24 14 713 625.528
24 15 607 45.4503
24 16 625 961.598
24 17 494 41.4829
24 18 20 41.019
24 19 627 202.846
24 20 384 545.905
24 21 481 35.7607
24 22 872 45.6639
24 23 176 87.7398
24 24 0 0
24 25 540 13.9918
24 26 845 98.6502
24 27 693 37.7505
25 1 497 109.667
25 2 735 105.7
25 3 21 248.166
25 4 132 107.171
25 5 354 17.4221
25 6 751 460.484
25 7 920 71.7695
25 8 410 384.767
25 9 869 95.931
25 10 646 134.729
25 11 636 23.0345
25 12 36 686.168
25 13 461 98.4426
25 14 332 68.6932
25 15 724 29.4769
25 16 436 196.773
25 17 273 18.6612
25 18 755 153.803
25 19 552 309.051
25 20 515 460.697
25 21 546 97.6492
25 22 532 486.699
25 23 78 685.802
25 24 383 79.4601
25 25 0 0
25 26 480 174.373
25 27 81 649.058
26 1 744 950.306
26 2 134 30.9204
26 3 929 182.552
26 4 931 229.916
26 5 413 812.484
26 6 500 765.791
26 7 523 795.363
26 8 158 27.1209
26 9 115 24.8625
26 10 819 69.1845
26 11 139 107.876
26 12 337 73.9973
26 13 500 785.933
26 14 521 30.9967
26 15 102 11.8921
26 16 890 45.3374
26 17 791 40.6986
26 18 662 392.885
26 19 647 289.458
26 20 209 20.2542
26 21 978 831.833
26 22 605 619.333
26 23 865 513.189
26 24 116 913.287
26 25 495 617.746
26 26 0 0
26 27 931 65.3758
27 1 303 891.741
27 2 516 69.975
27 3 436 446.445
27 4 615 67.4053
27 5 937 11.7548
27 6 654 33.9448
27 7 558 33.8655
27 8 146 103.097
27 9 114 389.589
27 10 973 949.512
27 11 968 85.7744
27 12 479 782.729
27 13 159 93.9961
27 14 214 11.3184
27 15 959 51.1145
27 16 268 58.9059
27 17 481 254.331
27 18 772 29.9713
27 19 609 16.1525
27 20 961 537.909
27 21 110 58.4085
27 22 13 44.1319
27 23 830 943.226
27 24 209 36.8746
27 25 940 49.0332
27 26 101 361.482
27 27 0 0
123
36
283
419
25
158
131
70
195
274
295
102
346
408
480
479
133
108
213
360
402
136
227
347
198
39
445
