26
0.75
1 1 0 0
1 2 5579 76.5848
1 3 7332 32.3696
1 4 1871 20.9531
1 5 5149 938.885
1 6 7329 94.5903
1 7 3094 35.8877
1 8 24 215.9
1 9 1496 342.845
1 10 3052 60.0637
1 11 9712 68.9793
1 12 3037 283.624
1 13 29 759.761
1 14 1056 93.0303
1 15 9122 60.414
1 16 2981 61.2274
1 17 1603 66.1976
1 18 6682 40.7546
1 19 4203 82.9287
1 20 7524 792.853
1 21 2145 62.6946
1 22 7255 93.2693
1 23 6336 44.0911
1 24 8775 67.0007
1 25 4049 82.5491
1 26 4855 11.0375
2 1 4486 499.238
2 2 0 0
2 3 7802 456.608
2 4 4096 312.906
2 5 509 809.923
2 6 7556 16.8639
2 7 1691 74.5778
2 8 8493 207.189
2 9 1647 956.568
2 10 3024 10.3446
2 11 7772 306.708
2 12 9572 77.2256
2 13 1520 48.8969
2 14 7287 75.2744
2 15 7426 806.429
2 16 2285 42.066
2 17 7929 825.23
2 18 3747 563.764
2 19 6121 296.022
2 20 9754 852.307
2 21 120 736.759
2 22 3850 461.654
2 23 1602 67.8967
2 24 7354 426.243
2 25 4367 702.77
2 26 164 201.401
3 1 6890 106.483
3 2 1801 94.5752
3 3 0 0
3 4 3937 27.5075
3 5 2072 62.2808
3 6 3903 71.4441
3 7 6991 470.349
3 8 5820 559.77
3 9 8194 339.314
3 10 4561 20.1886
3 11 9078 677.408
3 12 2005 19.452
3 13 5033 12.9001
3 14 6656 678.039
3 15 4872 105.82
3 16 9059 912.938
3 17 3339 808.953
3 18 3638 41.8503
3 19 5124 95.0558
3 20 1435 57.8606
3 21 2701 80.6841
3 22 8505 24.8158
3 23 9479 197.043
3 24 5723 387.26
3 25 9710 14.829
3 26 8490 101.206
4 1 1239 835.705
4 2 5456 29.7426
4 3 2743 616.186
4 4 0 0
4 5 3157 56.8228
4 6 1067 57.6322
4 7 2987 831.87
4 8 9457 479.703
4 9 1334 36.5572
4 10 6203 394.553
4 11 8840 359.453
4 12 6797 87.4715
4 13 9768 22.0685
4 14 3574 103.713
4 15 2761 563.378
4 16 8244 17.1301
4 17 2748 168.311
4 18 4631 100.893
4 19 8926 362.156
4 20 8642 166.03
4 21 2299 37.8754
4 22 8012 633.267
4 23 2769 998.523
4 24 2911 703.023
4 25 7212 597.327
4 26 9809 81.9295
5 1 7053 805.767
5 2 3801 974.902
5 3 9531 423.743
5 4 2670 529.55
5 5 0 0
5 6 6577 38.7152
5 7 2446 638.606
5 8 5163 379.619
5 9 6538 80.7616
5 10 5666 258.783
5 11 2055 56.1348
5 12 6774 831.633
5 13 2809 161.51
5 14 5970 102.068
5 15 7591 404.714
5 16 6581 968.168
5 17 5427 106.049
5 18 926 27.6403
5 19 9199 82.6585
5 20 172 558.173
5 21 2957 29.4544
5 22 9448 747.001
5 23 5095 43.3854
5 24 1827 904.033
5 25 4921 86.9694
5 26 9372 21.6867
6 1 3831 224.304
6 2 9960 695.274
6 3 6878 528.3
6 4 3850 50.6405
6 5 8088 103.692
6 6 0 0
6 7 5752 92.9127
6 8 3897 888.806
6 9 9972 15.0855
6 10 2563 85.9016
6 11 7989 62.284
6 12 9179 72.9478
6 13 8580 717.537
6 14 1355 22.6635
6 15 395 69.4389
6 16 1365 45.9582
6 17 9025 98.356
6 18 3797 108.796
6 19 1194 92.4286
6 20 7186 41.3223
6 21 9364 859.482
6 22 662 49.1232
6 23 2859 908.965
6 24 6880 559.085
6 25 5574 78.1761
6 26 4521 14.412
7 1 3973 562.337
7 2 6084 458.951
7 3 5948 38.108
7 4 5392 28.3842
7 5 5690 78.5848
7 6 6214 75.0992
7 7 0 0
7 8 7146 39.3578
7 9 2096 308.881
7 10 645 28.52
7 11 292 368.94
7 12 1829 85.7017
7 13 1008 218.558
7 14 5376 602.368
7 15 3959 105.93
7 16 6618 16.8376
7 17 396 452.431
7 18 8122 81.0944
7 19 4728 68.1452
7 20 1570 190.591
7 21 5394 20.2749
7 22 269 717.509
7 23 8869 97.8431
7 24 1343 613.473
7 25 1588 716.921
7 26 4086 511.999
8 1 7259 848.188
8 2 5416 116.72
8 3 7768 30.656
8 4 7549 696.792
8 5 332 625.594
8 6 638 1007.38
8 7 8794 48.4474
8 8 0 0
8 9 882 235.841
8 10 2852 64.9584
8 11 2799 63.9544
8 12 62 891.571
8 13 855 236.657
8 14 8676 878.379
8 15 5622 115.618
8 16 5042 133.574
8 17 7227 38.1187
8 18 4006 345.473
8 19 2741 504.99
8 20 5158 362.106
8 21 5218 96.6123
8 22 9539 115.417
8 23 4868 522.42
8 24 9329 808.074
8 25 7650 64.3834
8 26 7753 940.288
9 1 1384 16.0188
9 2 8813 74.1042
9 3 8908 65.128
9 4 9366 49.4376
9 5 8125 887.251
9 6 9273 60.1903
9 7 6421 20.652
9 8 4984 89.7821
9 9 0 0
9 10 5435 792.368
9 11 2619 84.6952
9 12 9572 40.7166
9 13 4228 470.387
9 14 8086 69.1088
9 15 2028 102.511
9 16 8906 22.0401
9 17 7871 49.1419
9 18 8985 104.482
9 19 3103 99.8895
9 20 1606 22.2029
9 21 7411 729.837
9 22 4618 825.893
9 23 4100 79.1385
9 24 9865 78.1785
9 25 7358 292.084
9 26 8088 94.4388
10 1 923 244.821
10 2 8106 65.8799
10 3 8152 42.8744
10 4 9448 44.2728
10 5 3292 24.4587
10 6 6494 674.607
10 7 7733 972.976
10 8 8528 78.0737
10 9 7786 379.17
10 10 0 0
10 11 8521 52.265
10 12 1564 728.429
10 13 3483 85.841
10 14 9755 74.9112
10 15 5365 28.8357
10 16 5748 168.513
10 17 3522 316.531
10 18 963 949.577
10 19 5949 61.804
10 20 2917 73.3006
10 21 2952 30.9587
10 22 5904 269.823
10 23 8702 185.133
10 24 330 910.336
10 25 3892 344.325
10 26 994 69.9131
11 1 1751 424.589
11 2 4430 69.6593
11 3 9483 93.6528
11 4 3128 826.178
11 5 2722 827.628
11 6 2706 695.265
11 7 7651 75.3909
11 8 2016 38.2361
11 9 305 99.9364
11 10 1967 94.7647
11 11 0 0
11 12 6645 37.1795
11 13 835 93.6416
11 14 8621 60.4486
11 15 4883 105.674
11 16 7408 572.355
11 17 8365 753.973
11 18 2022 230.027
11 19 1862 758.926
11 20 3993 989.783
11 21 131 110.953
11 22 3322 280.951
11 23 2494 806.306
11 24 5908 71.6595
11 25 5865 34.986
11 26 5281 339.105
12 1 9812 73.9173
12 2 9012 81.4121
12 3 7933 464.849
12 4 9611 28.6438
12 5 7936 34.3211
12 6 256 32.4301
12 7 8321 64.4295
12 8 2914 89.9787
12 9 3518 837.306
12 10 5966 54.3029
12 11 6628 474.584
12 12 0 0
12 13 8209 587.237
12 14 1065 444.895
12 15 7212 41.9922
12 16 605 23.168
12 17 5913 727.817
12 18 3431 45.0129
12 19 346 875.031
12 20 5278 86.7009
12 21 5815 22.8062
12 22 3013 174.778
12 23 1591 976.897
12 24 9922 649.192
12 25 9869 940.587
12 26 1777 92.0867
13 1 2129 420.983
13 2 4248 981.888
13 3 628 309.886
13 4 3530 11.1572
13 5 8818 366.807
13 6 8125 76.4694
13 7 4913 109.915
13 8 8192 84.3001
13 9 8601 44.4989
13 10 5751 1007.66
13 11 281 285.512
13 12 6097 50.2859
13 13 0 0
13 14 7870 102.399
13 15 1220 648.693
13 16 3312 47.4274
13 17 6465 67.3763
13 18 7307 711.743
13 19 399 43.5451
13 20 3158 100.978
13 21 2796 754.661
13 22 6271 981.764
13 23 9496 40.891
13 24 2255 20.6228
13 25 4893 238.749
13 26 9040 453.481
14 1 6864 86.323
14 2 5026 45.2775
14 3 7821 27.9012
14 4 2467 98.1133
14 5 1537 399.725
14 6 6808 62.5654
14 7 410 709.904
14 8 6590 894.363
14 9 2330 388.916
14 10 7512 205.136
14 11 7305 78.983
14 12 3483 62.7692
14 13 959 717.874
14 14 0 0
14 15 629 40.4676
14 16 1096 76.3087
14 17 4461 790.763
14 18 1007 103.322
14 19 479 533.305
14 20 6154 57.502
14 21 198 52.7054
14 22 2273 763.681
14 23 1550 12.8665
14 24 8982 105.375
14 25 1322 96.4382
14 26 8078 77.0349
15 1 2048 21.631
15 2 5855 27.4029
15 3 2644 25.2417
15 4 7373 167.7
15 5 2231 51.8629
15 6 5316 47.8684
15 7 3491 811.095
15 8 1783 48.6378
15 9 4365 280.324
15 10 3706 47.7285
15 11 7694 759.247
15 12 3138 101.186
15 13 4096 575.038
15 14 9862 603.135
15 15 0 0
15 16 9120 385.07
15 17 9380 115.979
15 18 7949 57.5692
15 19 1012 11.1902
15 20 9530 52.2482
15 21 483 22.1091
15 22 4967 54.3869
15 23 3797 59.8525
15 24 4331 119.293
15 25 696 89.9478
15 26 1752 54.0984
16 1 7695 37.0209
16 2 4448 33.1492
16 3 2617 966.61
16 4 8479 49.9314
16 5 6062 52.3985
16 6 7091 710.972
16 7 9967 356.586
16 8 545 63.4854
16 9 1470 428.196
16 10 6467 25.4309
16 11 7766 171.824
16 12 3389 91.9423
16 13 473 938.203
16 14 7155 62.6801
16 15 7799 98.554
16 16 0 0
16 17 2463 391.705
16 18 5194 86.4544
16 19 2778 955.919
16 20 2014 500.869
16 21 6413 1002.53
16 22 1447 835.969
16 23 2848 107.167
16 24 8566 38.1816
16 25 9613 49.1818
16 26 8223 859.655
17 1 4879 76.7436
17 2 8197 299.031
17 3 4677 222.965
17 4 2298 558.531
17 5 8110 105.206
17 6 6567 907.09
17 7 9014 32.439
17 8 6251 40.86
17 9 4543 20.6329
17 10 5074 11.6891
17 11 3905 56.4273
17 12 4479 159.446
17 13 412 428.996
17 14 8601 90.7778
17 15 6869 743.987
17 16 5330 45.1932
17 17 0 0
17 18 807 833.436
17 19 3985 106.792
17 20 8041 723.6
17 21 3779 68.7262
17 22 5350 57.4451
17 23 1568 766.872
17 24 7629 209.069
17 25 2663 756.96
17 26 5035 99.1416
18 1 1158 72.4966
18 2 2480 87.3577
18 3 4553 53.4418
18 4 5944 98.9303
18 5 9913 540.05
18 6 7389 30.6313
18 7 9603 68.553
18 8 4752 105.673
18 9 3865 63.2881
18 10 2889 872.511
18 11 2637 14.0827
18 12 9677 106.492
18 13 9375 869.177
18 14 4336 13.2201
18 15 6398 69.0319
18 16 6043 65.0423
18 17 825 47.6785
18 18 0 0
18 19 5223 31.8852
18 20 2354 505.62
18 21 818 24.8661
18 22 1134 61.0578
18 23 1334 344.686
18 24 2227 320.628
18 25 4148 50.6328
18 26 8788 43.5386
19 1 2630 695.063
19 2 1024 102.981
19 3 5539 92.65
19 4 6507 584.199
19 5 241 929.869
19 6 1774 85.4926
19 7 4970 80.4336
19 8 2309 551.675
19 9 4697 711.361
19 10 8077 17.2698
19 11 2363 195.734
19 12 7648 34.6782
19 13 3537 94.1374
19 14 7485 102.624
19 15 7006 13.4259
19 16 1341 37.9433
19 17 9479 104.812
19 18 4745 85.9708
19 19 0 0
19 20 1922 42.1885
19 21 6291 676.85
19 22 3306 394.925
19 23 9009 36.5302
19 24 7875 106.845
19 25 4183 52.9545
19 26 3935 100.543
20 1 7950 51.0963
20 2 6417 55.6732
20 3 4319 47.7421
20 4 6587 493.658
20 5 7369 191.771
20 6 9103 90.7146
20 7 7122 14.4847
20 8 6099 92.4685
20 9 7925 107.316
20 10 9107 74.4668
20 11 9887 11.848
20 12 8391 600.124
20 13 5942 58.3735
20 14 4848 250.987
20 15 2512 573.242
20 16 7009 62.3198
20 17 704 40.6588
20 18 7596 170.194
20 19 7574 102.539
20 20 0 0
20 21 8124 538.417
20 22 8956 13.5316
20 23 8706 388.677
20 24 9557 611.974
20 25 2607 443.13
20 26 3426 29.4031
21 1 4658 65.1527
21 2 5960 99.0543
21 3 6342 247.608
21 4 31 571.177
21 5 1212 39.0793
21 6 3819 341.882
21 7 2154 19.5408
21 8 8987 13.8101
21 9 8637 547.385
21 10 4042 17.6915
21 11 8924 848.465
21 12 2386 639.179
21 13 4254 59.3906
21 14 627 267.329
21 15 9430 99.2608
21 16 8826 56.4209
21 17 6000 1000.61
21 18 2046 16.1942
21 19 6554 171.933
21 20 726 63.1572
21 21 0 0
21 22 9776 744.102
21 23 715 39.2719
21 24 7895 524.013
21 25 1615 568.176
21 26 3098 45.0601
22 1 6820 429.705
22 2 8090 779.019
22 3 5614 787.22
22 4 5300 56.2822
22 5 9757 10.9335
22 6 5115 96.041
22 7 9680 161.035
22 8 2116 781.751
22 9 8765 970.167
22 10 2363 37.7461
22 11 4121 11.4424
22 12 7858 60.294
22 13 2082 93.8414
22 14 5779 68.9488
22 15 7586 711.929
22 16 7898 94.427
22 17 5639 334.437
22 18 3194 87.1608
22 19 4817 689.688
22 20 7488 316.009
22 21 637 64.3176
22 22 0 0
22 23 9441 95.5401
22 24 3550 243.296
22 25 1360 748.802
22 26 5779 543.852
23 1 1181 25.0019
23 2 45 331.403
23 3 3088 350.725
23 4 909 731.997
23 5 2418 33.395
23 6 7065 605.521
23 7 8024 868.079
23 8 9736 590.088
23 9 7815 63.8769
23 10 1211 790.404
23 11 8736 324.327
23 12 2802 10.0949
23 13 5793 1001.3
23 14 3475 15.7145
23 15 7316 168.637
23 16 6031 583.242
23 17 1038 41.5384
23 18 9251 98.8003
23 19 6400 22.9512
23 20 4616 108.862
23 21 1486 59.7979
23 22 7611 27.1136
23 23 0 0
23 24 5928 54.2768
23 25 2333 18.4484
23 26 1645 785.971
24 1 1352 92.3238
24 2 2091 779.462
24 3 6008 57.0045
24 4 300 168.281
24 5 2680 67.2973
24 6 5279 34.7973
24 7 5631 343.3
24 8 7429 25.0357
24 9 2818 13.9869
24 10 2 82.3833
24 11 4103 32.5644
24 12 5836 24.0823
24 13 5927 337.449
24 14 7762 375.61
24 15 1859 89.4075
24 16 3077 49.3249
24 17 9209 57.7457
24 18 353 14.7649
24 19 5005 19.5129
24 20 6642 687.043
24 21 2578 105.203
24 22 1550 503.323
24 23 8244 71.6317
24 24 0 0
24 25 4616 219.009
24 26 7065 50.0914
25 1 209 300.892
25 2 8238 386.922
25 3 2410 93.0141
25 4 5007 19.3317
25 5 4713 260.932
25 6 9526 17.8958
25 7 7150 410.633
25 8 3326 108.542
25 9 412 40.3361
25 10 1414 61.274
25 11 9954 196.528
25 12 6721 582.7
25 13 8290 14.5557
25 14 1147 73.2451
25 15 1757 506.255
25 16 122 41.98
25 17 3051 42.873
25 18 26 673.868
25 19 6976 662.663
25 20 4367 670.724
25 21 7705 492.127
25 22 2772 61.0121
25 23 2425 32.2163
25 24 7018 675.902
25 25 0 0
25 26 4260 946.466
26 1 4441 720.898
26 2 6492 104.122
26 3 8314 22.0769
26 4 1801 875.849
26 5 4273 48.5474
26 6 6442 18.0556
26 7 1223 251.988
26 8 502 34.6692
26 9 3040 934.81
26 10 3846 46.9658
26 11 6687 93.2169
26 12 8387 401.301
26 13 8799 457.687
26 14 4897 996.747
26 15 6151 41.1841
26 16 4917 103.571
26 17 6559 14.4879
26 18 5094 222.052
26 19 5165 451.782
26 20 7918 46.6522
26 21 7814 58.2526
26 22 8625 20.9594
26 23 6104 67.6457
26 24 7575 64.6981
26 25 2718 683.83
26 26 0 0
252
105
59
382
164
28
380
259
499
172
424
362
127
194
72
359
360
469
457
485
457
117
90
392
302
17
