28
0.75
1 1 0 0
1 2 360 23.7211
1 3 262 33.9723
1 4 559 40.134
1 5 189 658.122
1 6 195 63.737
1 7 764 230.832
1 8 565 729.443
1 9 922 954.487
1 10 565 14.9532
1 11 960 24.3956
1 12 131 894.701
1 13 922 573.768
1 14 143 486.699
1 15 360 404.696
1 16 46 143.457
1 17 406 776.93
1 18 499 41.0373
1 19 118 778.181
1 20 135 307.983
1 21 754 458.622
1 22 535 193.63
1 23 136 167.933
1 24 150 242.704
1 25 676 65.3453
1 26 91 557.044
1 27 433 44.8369
1 28 799 64.5549
2 1 387 965.382
2 2 0 0
2 3 918 269.896
2 4 926 264.28
2 5 531 35.2998
2 6 186 49.3506
2 7 45 852.341
2 8 43 55.143
2 9 690 67.8082
2 10 982 568.55
2 11 813 109.081
2 12 551 44.2112
2 13 639 619.058
2 14 21 933.093
2 15 515 38.0984
2 16 614 89.9005
2 17 787 48.8501
2 18 440 51.0016
2 19 89 257.78
2 20 950 641.245
2 21 886 712.933
2 22 745 59.2538
2 23 251 821.121
2 24 260 81.688
2 25 515 144.739
2 26 992 829.514
2 27 817 525.702
2 28 615 154.566
3 1 762 95.7753
3 2 59 105.987
3 3 0 0
3 4 239 564.796
3 5 446 219.265
3 6 699 642.252
3 7 285 46.0088
3 8 611 55.1064
3 9 918 614.846
3 10 264 47.6232
3 11 145 20.831
3 12 894 532.996
3 13 407 75.7888
3 14 172 988.729
3 15 87 69.859
3 16 670 139.673
3 17 824 104.629
3 18 131 82.4357
3 19 207 78.9596
3 20 802 465.153
3 21 240 156.184
3 22 9 64.8326
3 23 491 461.033
3 24 615 60.8499
3 25 87 461.46
3 26 230 849.808
3 27 402 19.1708
3 28 498 794.356
4 1 444 50.8765
4 2 857 23.245
4 3 890 173.182
4 4 0 0
4 5 655 903.49
4 6 88 61.2925
4 7 524 66.5752
4 8 22 73.2099
4 9 632 736.89
4 10 811 415.316
4 11 744 93.9747
4 12 673 101.601
4 13 72 72.157
4 14 918 11.9868
4 15 42 30.9326
4 16 241 57.5356
4 17 314 59.7269
4 18 17 61.9974
4 19 149 100.924
4 20 784 66.093
4 21 965 442.295
4 22 710 379.976
4 23 640 235.196
4 24 720 186.397
4 25 99 74.803
4 26 614 395.571
4 27 843 274.351
4 28 381 105.12
5 1 10 46.9884
5 2 147 116.052
5 3 638 12.4293
5 4 79 858.415
5 5 0 0
5 6 521 544.501
5 7 902 342.835
5 8 226 108.013
5 9 817 57.0565
5 10 998 91.0816
5 11 754 27.774
5 12 691 100.728
5 13 699 105.569
5 14 38 914.813
5 15 185 56.4583
5 16 677 25.9948
5 17 559 100.609
5 18 262 71.5986
5 19 525 838.272
5 20 694 133.081
5 21 155 83.1712
5 22 298 71.4551
5 23 370 364.839
5 24 228 66.8865
5 25 298 635.202
5 26 635 418.155
5 27 482 116.174
5 28 80 15.2797
6 1 592 32.2144
6 2 733 476.72
6 3 41 383.302
6 4 802 41.9529
6 5 821 591.194
6 6 0 0
6 7 833 107.43
6 8 187 12.0142
6 9 910 527.899
6 10 202 105.276
6 11 23 27.655
6 12 627 73.4388
6 13 774 373.201
6 14 547 148.92
6 15 304 89.2901
6 16 262 220.089
6 17 833 31.4057
6 18 788 232.297
6 19 810 471.409
6 20 823 581.398
6 21 244 96.6115
6 22 823 85.7714
6 23 108 696.27
6 24 324 61.5122
6 25 63 36.9692
6 26 589 30.661
6 27 188 265.44
6 28 489 145.899
7 1 947 400.24
7 2 955 50.6171
7 3 423 608.041
7 4 932 90.4041
7 5 441 939.563
7 6 647 67.1703
7 7 0 0
7 8 384 59.7147
7 9 729 631.876
7 10 790 22.7689
7 11 395 51.789
7 12 380 505.285
7 13 783 712.628
7 14 461 46.3323
7 15 754 511.236
7 16 292 45.6792
7 17 979 124.872
7 18 885 87.1722
7 19 729 981.74
7 20 764 406.069
7 21 243 93.7306
7 22 60 69.917
7 23 936 73.0024
7 24 187 40.0729
7 25 350 66.6362
7 26 43 61.2558
7 27 521 29.7333
7 28 738 531.683
8 1 810 731.793
8 2 836 68.2446
8 3 40 401.827
8 4 986 341.858
8 5 535 502.782
8 6 768 25.8971
8 7 492 915.698
8 8 0 0
8 9 737 583.962
8 10 531 278.929
8 11 957 369.111
8 12 197 886.186
8 13 85 16.6652
8 14 413 39.9936
8 15 406 48.3923
8 16 863 104.449
8 17 451 147.73
8 18 654 937.274
8 19 485 48.4533
8 20 439 506.506
8 21 505 262.632
8 22 149 242.093
8 23 870 105.92
8 24 955 188.625
8 25 842 218.045
8 26 546 452.824
8 27 565 966.938
8 28 655 293.059
9 1 297 95.8058
9 2 149 956.287
9 3 907 945.118
9 4 349 19.5737
9 5 89 852.677
9 6 465 34.5888
9 7 708 87.5964
9 8 724 810.958
9 9 0 0
9 10 44 38.6843
9 11 499 721.356
9 12 84 904.131
9 13 54 46.5001
9 14 25 103.921
9 15 200 56.26
9 16 242 636.423
9 17 115 702.923
9 18 987 81.8528
9 19 966 33.2459
9 20 948 16.4486
9 21 626 60.325
9 22 279 23.7669
9 23 505 561.775
9 24 716 28.6773
9 25 825 857.53
9 26 189 67.2893
9 27 393 20.004
9 28 203 60.7584
10 1 154 47.5652
10 2 434 857.713
10 3 930 576.576
10 4 316 106.28
10 5 409 201.931
10 6 317 109.948
10 7 277 96.4223
10 8 596 260.618
10 9 643 555.457
10 10 0 0
10 11 528 410.891
10 12 750 51.261
10 13 456 44.6049
10 14 722 120.111
10 15 832 104.821
10 16 438 743.787
10 17 214 417.941
10 18 423 127.771
10 19 472 338.288
10 20 610 512.915
10 21 384 807.601
10 22 759 495.58
10 23 130 83.7449
10 24 555 910.693
10 25 102 437.015
10 26 954 13.1129
10 27 439 86.2474
10 28 791 618.051
11 1 203 25.6499
11 2 663 379.427
11 3 992 567.482
11 4 105 58.9029
11 5 282 469.487
11 6 964 68.5009
11 7 245 106.518
11 8 444 100.451
11 9 593 17.3611
11 10 222 37.3385
11 11 0 0
11 12 614 62.4247
11 13 86 139.521
11 14 493 867.326
11 15 916 14.5289
11 16 231 989.4
11 17 43 31.8024
11 18 936 66.9842
11 19 528 18.7649
11 20 408 271.391
11 21 8 25.8422
11 22 640 89.397
11 23 793 97.4844
11 24 229 50.6964
11 25 881 76.4052
11 26 625 82.0054
11 27 283 72.4042
11 28 675 48.6853
12 1 717 54.1969
12 2 21 20.2542
12 3 296 68.8794
12 4 635 320.678
12 5 113 294.371
12 6 306 56.147
12 7 267 88.3746
12 8 451 987.721
12 9 970 92.5526
12 10 972 78.5781
12 11 899 33.5145
12 12 0 0
12 13 179 34.1798
12 14 280 318.939
12 15 756 62.7421
12 16 606 360.383
12 17 372 169.948
12 18 991 217.77
12 19 984 53.4675
12 20 782 60.029
12 21 575 49.2315
12 22 704 14.2512
12 23 12 515.722
12 24 504 418.124
12 25 252 92.3389
12 26 232 249.937
12 27 72 436.893
12 28 226 449.253
13 1 720 882.28
13 2 47 386.415
13 3 907 32.4921
13 4 861 48.4411
13 5 597 471.44
13 6 284 660.105
13 7 17 644.358
13 8 509 93.1416
13 9 916 21.2186
13 10 823 935.23
13 11 928 60.6302
13 12 741 81.807
13 13 0 0
13 14 685 23.6021
13 15 279 29.2297
13 16 529 211.849
13 17 342 170.802
13 18 874 400.332
13 19 613 88.8446
13 20 172 44.3455
13 21 401 25.2226
13 22 663 577.4
13 23 777 230.771
13 24 843 953.327
13 25 802 231.656
13 26 903 58.5153
13 27 844 947.407
13 28 859 109.326
14 1 496 662.333
14 2 426 44.8949
14 3 894 98.9248
14 4 80 972.798
14 5 732 358.857
14 6 106 55.2498
14 7 194 32.6722
14 8 560 21.478
14 9 695 959.095
14 10 64 297.118
14 11 991 985.036
14 12 98 50.0586
14 13 319 283.415
14 14 0 0
14 15 761 62.8031
14 16 488 13.1281
14 17 55 75.4225
14 18 675 80.6381
14 19 702 96.6207
14 20 150 338.379
14 21 136 40.4361
14 22 620 70.2924
14 23 12 25.4607
14 24 836 60.7797
14 25 58 42.2306
14 26 935 41.4371
14 27 448 93.813
14 28 291 956.623
15 1 543 72.5263
15 2 409 102.7
15 3 367 23.4587
15 4 720 58.146
15 5 503 663.249
15 6 842 317.321
15 7 348 103.747
15 8 916 77.3421
15 9 998 43.8878
15 10 190 64.7807
15 11 514 917.132
15 12 18 967.884
15 13 918 28.8147
15 14 7 50.6629
15 15 0 0
15 16 292 82.1091
15 17 566 62.2904
15 18 431 79.1519
15 19 863 93.5505
15 20 154 960.591
15 21 356 35.9621
15 22 445 88.3715
15 23 222 28.8849
15 24 863 63.3158
15 25 767 639.017
15 26 443 581.154
15 27 167 30.8716
15 28 472 319.793
16 1 788 798.018
16 2 406 55.7472
16 3 560 47.8582
16 4 270 69.4928
16 5 518 91.9636
16 6 948 13.6012
16 7 441 84.0043
16 8 551 34.8604
16 9 571 50.9833
16 10 974 98.7875
16 11 973 86.6411
16 12 857 31.9489
16 13 815 825.882
16 14 19 783.675
16 15 119 396.364
16 16 0 0
16 17 344 12.6948
16 18 736 56.9039
16 19 630 31.4911
16 20 279 762.007
16 21 154 161.738
16 22 642 66.1846
16 23 113 27.0934
16 24 918 94.4539
16 25 584 813.369
16 26 428 433.414
16 27 939 83.1803
16 28 22 521.948
17 1 415 13.3204
17 2 683 155.695
17 3 256 96.1385
17 4 358 13.1678
17 5 639 76.2282
17 6 62 20.6449
17 7 288 97.6827
17 8 652 802.84
17 9 794 109.188
17 10 434 103.039
17 11 922 98.2931
17 12 380 29.0832
17 13 312 86.6411
17 14 622 623.91
17 15 617 98.0428
17 16 273 339.142
17 17 0 0
17 18 842 45.6944
17 19 410 206.234
17 20 798 776.9
17 21 449 72.1174
17 22 733 643.992
17 23 780 825.607
17 24 423 104.885
17 25 14 896.258
17 26 641 59.8795
17 27 683 109.362
17 28 704 794.021
18 1 435 43.6619
18 2 274 551.276
18 3 616 502.141
18 4 385 67.2497
18 5 507 102.834
18 6 958 803.847
18 7 50 596.261
18 8 312 325.378
18 9 209 541.541
18 10 631 14.9715
18 11 393 106.591
18 12 551 105.981
18 13 380 101.144
18 14 571 81.4255
18 15 454 35.6966
18 16 184 358.796
18 17 345 225.644
18 18 0 0
18 19 9 668.437
18 20 777 151.24
18 21 88 605.569
18 22 221 30.1361
18 23 614 52.8785
18 24 883 45.0444
18 25 153 19.9582
18 26 747 51.5052
18 27 784 68.153
18 28 29 219.265
19 1 803 102.477
19 2 44 71.6779
19 3 97 223.172
19 4 216 420.108
19 5 156 766.951
19 6 469 64.2314
19 7 416 660.38
19 8 815 69.1571
19 9 247 26.0985
19 10 366 69.6912
19 11 212 783.766
19 12 315 324.646
19 13 275 45.4839
19 14 72 67.4236
19 15 74 350.983
19 16 38 558.296
19 17 357 230.191
19 18 398 1004.81
19 19 0 0
19 20 737 988.668
19 21 522 518.683
19 22 920 86.8212
19 23 631 25.7048
19 24 971 936.45
19 25 923 29.5715
19 26 122 789.077
19 27 251 59.5132
19 28 301 511.785
20 1 482 57.0595
20 2 362 93.404
20 3 757 347.077
20 4 873 764.082
20 5 44 11.7975
20 6 352 468.846
20 7 153 75.7186
20 8 987 37.7017
20 9 370 13.6866
20 10 885 607.4
20 11 790 926.166
20 12 243 657.969
20 13 674 10.3632
20 14 996 143.793
20 15 613 68.2904
20 16 18 56.2966
20 17 759 45.1146
20 18 505 78.2638
20 19 547 53.1959
20 20 0 0
20 21 328 446.232
20 22 933 50.7544
20 23 712 374.849
20 24 155 219.723
20 25 84 542.823
20 26 415 53.8612
20 27 240 88.9361
20 28 176 86.3787
21 1 260 613.32
21 2 397 23.7455
21 3 465 105.81
21 4 354 32.8736
21 5 687 58.9151
21 6 56 415.103
21 7 98 41.3669
21 8 95 46.2651
21 9 113 16.7385
21 10 136 86.5862
21 11 663 658.549
21 12 685 637.4
21 13 126 30.3772
21 14 337 271.361
21 15 699 19.4119
21 16 501 117.028
21 17 186 18.2675
21 18 217 176.601
21 19 954 100.866
21 20 450 867.753
21 21 0 0
21 22 335 892.717
21 23 797 382.295
21 24 753 38.2846
21 25 802 793.258
21 26 256 276.854
21 27 229 87.6666
21 28 97 98.1771
22 1 660 72.9231
22 2 757 75.5843
22 3 509 63.1083
22 4 953 44.1685
22 5 555 200.863
22 6 446 763.319
22 7 518 58.2803
22 8 707 450.962
22 9 546 336.731
22 10 677 301.879
22 11 517 668.559
22 12 729 173.305
22 13 17 97.3318
22 14 351 56.849
22 15 834 143.335
22 16 944 47.2509
22 17 8 63.4684
22 18 755 13.8148
22 19 908 137.262
22 20 101 41.7209
22 21 882 57.3159
22 22 0 0
22 23 949 63.4349
22 24 987 77.4978
22 25 679 694.469
22 26 939 39.9112
22 27 476 68.5498
22 28 374 81.0807
23 1 4 52.0881
23 2 181 81.276
23 3 690 89.5557
23 4 294 924.212
23 5 376 14.0223
23 6 871 242.521
23 7 251 168.025
23 8 11 25.7933
23 9 27 645.884
23 10 984 109.963
23 11 369 481.908
23 12 518 100.435
23 13 449 327.301
23 14 635 71.9953
23 15 758 738.111
23 16 912 49.1919
23 17 551 38.8919
23 18 723 666.911
23 19 171 103.57
23 20 577 967.152
23 21 179 39.0628
23 22 746 377.87
23 23 0 0
23 24 392 45.6029
23 25 475 43.4574
23 26 524 628
23 27 621 87.8893
23 28 973 624.032
24 1 744 289.397
24 2 348 451.481
24 3 98 700.97
24 4 639 665.019
24 5 569 45.5754
24 6 635 74.3391
24 7 204 81.1478
24 8 966 26.1138
24 9 945 244.931
24 10 421 900.805
24 11 846 100.515
24 12 950 48.0902
24 13 498 44.724
24 14 589 173.884
24 15 87 167.506
24 16 67 98.5769
24 17 383 33.0934
24 18 139 55.79
24 19 382 94.5454
24 20 307 24.716
24 21 49 432.254
24 22 787 887.804
24 23 750 100.756
24 24 0 0
24 25 661 57.8469
24 26 326 33.0079
24 27 128 94.4111
24 28 547 100.915
25 1 751 36.4626
25 2 263 249.479
25 3 864 72.9048
25 4 278 204.922
25 5 896 106.408
25 6 929 98.699
25 7 913 951.252
25 8 270 733.441
25 9 378 716.29
25 10 759 962.361
25 11 716 87.8253
25 12 727 77.6626
25 13 925 963.825
25 14 982 40.9915
25 15 415 275.267
25 16 592 53.8765
25 17 359 207.302
25 18 73 793.319
25 19 232 79.8904
25 20 896 48.3923
25 21 86 25.2867
25 22 543 54.7737
25 23 768 61.4939
25 24 409 74.6535
25 25 0 0
25 26 818 52.9731
25 27 410 32.2999
25 28 359 408.419
26 1 344 235.532
26 2 646 23.7608
26 3 185 20.1413
26 4 166 35.5318
26 5 619 932.147
26 6 128 50.2326
26 7 560 95.4396
26 8 641 36.4138
26 9 589 39.8135
26 10 169 35.8034
26 11 966 570.839
26 12 637 736.371
26 13 518 1003.01
26 14 365 895.586
26 15 688 812.149
26 16 479 944.568
26 17 87 921.649
26 18 374 674.937
26 19 884 96.6451
26 20 623 87.6635
26 21 445 63.1449
26 22 797 21.2613
26 23 977 90.6757
26 24 245 305.358
26 25 83 52.2254
26 26 0 0
26 27 706 56.2416
26 28 878 79.6066
27 1 106 931.72
27 2 293 582.771
27 3 909 997.609
27 4 233 933.795
27 5 345 610.543
27 6 858 627.542
27 7 453 995.199
27 8 545 97.6583
27 9 678 537.909
27 10 659 65.8061
27 11 937 948.871
27 12 253 94.8048
27 13 71 81.8375
27 14 162 81.688
27 15 205 210.781
27 16 958 62.0524
27 17 98 130.914
27 18 4 10.2319
27 19 391 97.0327
27 20 931 872.88
27 21 854 512.731
27 22 186 22.6255
27 23 393 33.719
27 24 884 88.8079
27 25 85 91.9208
27 26 996 88.7439
27 27 0 0
27 28 544 85.808
28 1 746 424.35
28 2 770 298.98
28 3 728 505.376
28 4 477 13.4883
28 5 789 37.3537
28 6 767 99.285
28 7 170 17.9928
28 8 780 773.939
28 9 894 41.0465
28 10 754 525.152
28 11 53 59.6323
28 12 379 134.363
28 13 710 11.7121
28 14 360 54.6852
28 15 617 97.4233
28 16 484 67.5121
28 17 63 555.366
28 18 833 478.093
28 19 13 915.026
28 20 390 538.397
28 21 762 151.728
28 22 414 33.0079
28 23 71 170.375
28 24 368 879.32
28 25 593 84.8589
28 26 463 25.4363
28 27 873 53.6506
28 28 0 0
30
369
201
394
255
376
153
129
36
363
1
483
392
132
222
283
494
16
452
221
263
283
362
137
153
497
284
52
