70
0.75
1 1 0 0
1 2 365 376.07
1 3 160 593.27
1 4 843 69.2334
1 5 928 130.243
1 6 398 944.721
1 7 105 181.606
1 8 843 38.2662
1 9 22 87.3858
1 10 176 665.507
1 11 804 54.7493
1 12 273 93.4559
1 13 592 248.441
1 14 152 195.308
1 15 871 112.359
1 16 814 577.736
1 17 971 73.0482
1 18 296 71.7267
1 19 188 82.6951
1 20 26 184.261
1 21 321 516.668
1 22 982 876.97
1 23 205 521.002
1 24 170 54.1572
1 25 212 56.7483
1 26 286 15.768
1 27 366 377.443
1 28 324 542.029
1 29 224 741.223
1 30 486 395.296
1 31 227 708.782
1 32 858 101.299
1 33 731 24.7435
1 34 569 906.451
1 35 459 534.857
1 36 700 541.083
1 37 15 71.8885
1 38 183 217.129
1 39 980 29.0802
1 40 232 42.4259
1 41 19 50.0128
1 42 394 332.275
1 43 521 47.373
1 44 150 675.456
1 45 710 34.189
1 46 924 40.9671
1 47 681 617.013
1 48 512 841.812
1 49 933 95.0063
1 50 135 545.722
1 51 720 50.8948
1 52 791 19.2807
1 53 942 72.7583
1 54 78 264.677
1 55 763 668.284
1 56 460 61.1612
1 57 101 178.645
1 58 451 905.199
1 59 631 76.4083
1 60 901 15.2553
1 61 782 483.373
1 62 664 98.7753
1 63 251 277.525
1 64 727 18.9633
1 65 899 361.787
1 66 306 47.6965
1 67 911 67.5396
1 68 228 918.658
1 69 784 108.657
1 70 195 672.496
2 1 68 825.76
2 2 0 0
2 3 724 307.403
2 4 516 131.952
2 5 24 721.875
2 6 549 71.0065
2 7 993 91.7713
2 8 531 94.9178
2 9 307 599.801
2 10 365 61.326
2 11 926 95.2382
2 12 193 465.641
2 13 33 156.886
2 14 827 63.9903
2 15 464 31.8207
2 16 32 317.81
2 17 950 822.037
2 18 418 99.5596
2 19 168 73.3564
2 20 709 245.786
2 21 272 93.1996
2 22 669 73.2038
2 23 239 776.839
2 24 999 398.562
2 25 289 90.2179
2 26 218 454.777
2 27 140 16.119
2 28 978 38.9621
2 29 738 93.1874
2 30 261 342.316
2 31 155 854.905
2 32 434 246.641
2 33 549 198.208
2 34 561 345.276
2 35 110 75.4042
2 36 330 997.915
2 37 9 86.2505
2 38 521 17.416
2 39 224 86.2688
2 40 631 68.15
2 41 796 30.2216
2 42 293 40.5216
2 43 912 90.7855
2 44 232 97.8658
2 45 756 15.3072
2 46 907 221.921
2 47 131 63.4318
2 48 120 336.456
2 49 359 85.457
2 50 826 75.2364
2 51 254 761.915
2 52 222 243.039
2 53 684 842.575
2 54 686 17.9562
2 55 738 109.429
2 56 396 273.649
2 57 657 143.244
2 58 112 365.296
2 59 969 719.311
2 60 735 72.5996
2 61 239 451.511
2 62 565 184.291
2 63 465 46.5917
2 64 53 101.391
2 65 883 42.8043
2 66 346 41.9437
2 67 286 35.2297
2 68 781 17.7822
2 69 510 66.8682
2 70 918 56.5102
3 1 453 97.8079
3 2 706 59.1379
3 3 0 0
3 4 256 107.971
3 5 295 84.8283
3 6 894 38.2968
3 7 497 68.1744
3 8 289 11.2848
3 9 440 836.319
3 10 674 20.95
3 11 853 1003.77
3 12 128 105.416
3 13 339 73.9271
3 14 550 648.508
3 15 864 85.5913
3 16 840 16.9521
3 17 899 606.393
3 18 286 391.146
3 19 844 426.761
3 20 431 64.1856
3 21 613 415.072
3 22 262 331.726
3 23 370 72.1113
3 24 169 552.589
3 25 423 36.1208
3 26 398 414.126
3 27 314 104.15
3 28 973 38.1899
3 29 704 71.9587
3 30 20 45.6609
3 31 923 60.2823
3 32 367 48.1115
3 33 530 36.2978
3 34 614 54.7859
3 35 341 26.2572
3 36 614 421.206
3 37 668 899.096
3 38 544 278.715
3 39 708 68.7481
3 40 367 951.008
3 41 148 943.592
3 42 995 23.2908
3 43 463 161.311
3 44 914 948.841
3 45 236 858.292
3 46 600 200.649
3 47 521 441.104
3 48 803 881.7
3 49 908 65.327
3 50 100 94.9055
3 51 103 707.287
3 52 804 355.134
3 53 560 38.1381
3 54 475 602.578
3 55 587 62.385
3 56 337 72.804
3 57 747 544.257
3 58 754 808.151
3 59 544 48.4686
3 60 660 100.6
3 61 915 46.8267
3 62 560 647.593
3 63 86 50.5194
3 64 939 70.68
3 65 925 739.362
3 66 901 672.191
3 67 703 720.044
3 68 399 74.2048
3 69 564 15.5513
3 70 334 26.2297
4 1 90 844.925
4 2 103 100.854
4 3 366 875.505
4 4 0 0
4 5 24 906.268
4 6 71 181.88
4 7 508 99.2941
4 8 727 65.2568
4 9 748 38.2205
4 10 659 926.562
4 11 390 734.204
4 12 553 112.298
4 13 346 656.443
4 14 54 58.5763
4 15 871 526.434
4 16 491 105.273
4 17 704 632.242
4 18 595 97.4996
4 19 998 356.995
4 20 760 81.5842
4 21 589 39.2825
4 22 655 933.856
4 23 616 81.276
4 24 883 989.308
4 25 722 27.2185
4 26 261 968.556
4 27 499 90.8954
4 28 521 916.949
4 29 529 71.7542
4 30 80 88.0023
4 31 203 483.739
4 32 135 866.716
4 33 217 86.7174
4 34 66 56.6536
4 35 664 24.2735
4 36 973 83.513
4 37 176 69.7552
4 38 684 105.959
4 39 999 667.064
4 40 178 40.6589
4 41 586 29.3121
4 42 638 911.517
4 43 400 36.838
4 44 985 27.6885
4 45 521 92.2901
4 46 160 704.113
4 47 257 695.446
4 48 636 678.844
4 49 918 101.729
4 50 337 34.6529
4 51 394 514.898
4 52 231 40.9549
4 53 983 549.323
4 54 448 391.359
4 55 344 880.937
4 56 207 24.774
4 57 498 54.3525
4 58 17 377.718
4 59 534 80.7083
4 60 972 71.9678
4 61 506 41.6538
4 62 649 65.0035
4 63 449 374.025
4 64 924 28.302
4 65 479 39.3069
4 66 100 64.1337
4 67 363 37.2225
4 68 626 446.72
4 69 427 44.1044
4 70 126 959.675
5 1 307 82.8019
5 2 422 956.074
5 3 42 70.9729
5 4 160 20.6388
5 5 0 0
5 6 778 40.1889
5 7 437 59.1623
5 8 145 43.4178
5 9 6 86.5465
5 10 185 148.035
5 11 852 106.078
5 12 27 49.0515
5 13 494 251.768
5 14 442 16.3417
5 15 240 70.0421
5 16 273 19.4943
5 17 74 968.159
5 18 949 215.42
5 19 417 94.994
5 20 824 351.014
5 21 888 96.877
5 22 285 27.6885
5 23 552 57.2823
5 24 559 76.8172
5 25 705 82.8782
5 26 698 52.6954
5 27 405 216.122
5 28 353 365.937
5 29 89 77.8182
5 30 495 20.1779
5 31 61 74.5863
5 32 777 23.7242
5 33 878 118.676
5 34 183 268.858
5 35 683 597.878
5 36 452 634.531
5 37 363 292.907
5 38 220 788.527
5 39 454 64.2314
5 40 459 52.3902
5 41 598 684.123
5 42 248 826.34
5 43 995 74.0736
5 44 49 46.1064
5 45 480 59.5254
5 46 816 150.446
5 47 411 664.53
5 48 353 433.383
5 49 573 48.6364
5 50 366 29.7485
5 51 967 353.425
5 52 436 26.0314
5 53 612 82.9026
5 54 903 35.0404
5 55 539 95.287
5 56 514 497.564
5 57 896 566.291
5 58 37 53.2752
5 59 744 47.8826
5 60 944 988.027
5 61 736 537.207
5 62 573 72.3798
5 63 326 829.3
5 64 482 100.292
5 65 771 103.445
5 66 515 15.8962
5 67 417 640.238
5 68 328 746.32
5 69 119 224.057
5 70 405 90.8466
6 1 817 70.6098
6 2 797 725.903
6 3 994 102.578
6 4 102 41.8735
6 5 776 812.271
6 6 0 0
6 7 942 564.277
6 8 985 682.689
6 9 636 11.0224
6 10 448 329.315
6 11 609 904.498
6 12 106 939.441
6 13 132 994.558
6 14 242 177.028
6 15 319 70.332
6 16 733 257.078
6 17 525 21.5818
6 18 829 937.488
6 19 914 59.6231
6 20 223 90.3797
6 21 691 90.7947
6 22 270 445.347
6 23 994 597.756
6 24 945 779.799
6 25 557 86.1406
6 26 244 205.074
6 27 822 470.982
6 28 525 55.6008
6 29 952 69.389
6 30 703 85.2617
6 31 287 860.093
6 32 570 81.4042
6 33 926 667.979
6 34 465 751.295
6 35 217 39.1147
6 36 905 65.7237
6 37 466 909.899
6 38 909 92.0093
6 39 4 20.1688
6 40 665 57.1114
6 41 934 113.092
6 42 62 32.3426
6 43 215 794.387
6 44 647 392.061
6 45 79 46.0271
6 46 322 150.843
6 47 559 87.8222
6 48 225 85.2831
6 49 502 127.618
6 50 792 74.565
6 51 863 331.787
6 52 341 87.3736
6 53 411 73.5273
6 54 7 49.1003
6 55 193 11.9837
6 56 124 21.8625
6 57 622 217.312
6 58 952 802.505
6 59 869 64.0788
6 60 444 243.68
6 61 814 108.544
6 62 318 101.571
6 63 887 287.169
6 64 598 72.8285
6 65 358 84.9748
6 66 37 88.753
6 67 565 66.3005
6 68 628 146.601
6 69 429 57.0687
6 70 728 45.023
7 1 9 64.1246
7 2 679 628.854
7 3 28 10.5768
7 4 582 87.6788
7 5 141 285.43
7 6 599 80.1621
7 7 0 0
7 8 406 87.4651
7 9 215 46.6192
7 10 117 209.347
7 11 106 70.7257
7 12 635 766.554
7 13 410 747.632
7 14 954 508.215
7 15 722 39.9905
7 16 86 663.798
7 17 906 552.467
7 18 332 525.336
7 19 418 41.7606
7 20 392 66.4989
7 21 667 51.2091
7 22 951 87.7764
7 23 721 369.02
7 24 413 11.1689
7 25 734 46.14
7 26 561 83.5069
7 27 50 93.3522
7 28 726 76.2587
7 29 556 375.612
7 30 715 814.559
7 31 650 773.329
7 32 910 69.8254
7 33 34 339.936
7 34 71 826.95
7 35 155 97.5362
7 36 153 471.165
7 37 112 180.568
7 38 73 55.6252
7 39 943 95.0948
7 40 145 343.872
7 41 320 32.5593
7 42 898 88.7439
7 43 360 212.765
7 44 172 78.9596
7 45 445 81.4896
7 46 801 475.682
7 47 31 84.7307
7 48 667 268.736
7 49 849 56.7574
7 50 379 731.366
7 51 474 24.185
7 52 13 165.37
7 53 379 645.67
7 54 420 81.3675
7 55 899 464.817
7 56 731 116.998
7 57 119 622.964
7 58 382 44.7545
7 59 815 33.7678
7 60 805 141.596
7 61 823 887.712
7 62 562 157.038
7 63 971 77.9342
7 64 662 515.966
7 65 555 107.775
7 66 477 37.9153
7 67 493 41.4341
7 68 755 378.419
7 69 764 387.178
7 70 29 42.1757
8 1 553 122.796
8 2 162 90.0409
8 3 270 48.2885
8 4 444 96.935
8 5 937 972.92
8 6 112 82.9972
8 7 735 97.0144
8 8 0 0
8 9 349 67.0635
8 10 979 11.2116
8 11 939 511.633
8 12 642 12.5483
8 13 405 701.427
8 14 677 407.778
8 15 3 55.5855
8 16 160 92.6228
8 17 652 806.503
8 18 179 685.161
8 19 51 371.919
8 20 265 484.807
8 21 365 74.4642
8 22 979 88.0023
8 23 516 58.1887
8 24 414 517.126
8 25 26 99.0103
8 26 784 31.2348
8 27 500 83.4886
8 28 178 803.39
8 29 387 694.5
8 30 829 100.912
8 31 499 88.3013
8 32 34 160.243
8 33 280 87.3034
8 34 420 87.5414
8 35 150 602.914
8 36 90 793.166
8 37 941 188.198
8 38 367 352.54
8 39 136 857.163
8 40 665 37.7352
8 41 262 16.5737
8 42 166 62.1897
8 43 54 100.243
8 44 790 45.6578
8 45 196 98.525
8 46 914 933.063
8 47 402 19.9948
8 48 92 138.056
8 49 584 48.0535
8 50 575 715.283
8 51 947 62.327
8 52 427 42.5938
8 53 861 572.67
8 54 369 440.952
8 55 299 55.9944
8 56 753 228.451
8 57 282 33.9479
8 58 632 98.9676
8 59 841 93.6695
8 60 489 567.848
8 61 137 29.5776
8 62 36 46.1644
8 63 32 926.562
8 64 425 12.472
8 65 586 71.745
8 66 888 299.682
8 67 640 88.6401
8 68 498 662.73
8 69 444 95.3511
8 70 306 837.754
9 1 139 176.906
9 2 162 89.1803
9 3 229 119.928
9 4 312 245.328
9 5 691 398.592
9 6 189 892.504
9 7 639 178.767
9 8 41 68.6505
9 9 0 0
9 10 931 887.438
9 11 637 476.72
9 12 102 82.6249
9 13 762 771.773
9 14 435 109.417
9 15 791 75.331
9 16 936 54.4105
9 17 846 202.236
9 18 41 67.0696
9 19 808 767.561
9 20 300 317.291
9 21 411 334.229
9 22 468 108.776
9 23 230 343.415
9 24 471 48.2122
9 25 722 37.3568
9 26 914 146.998
9 27 523 326.782
9 28 35 578.651
9 29 654 647.837
9 30 525 122.003
9 31 142 509.13
9 32 952 450.809
9 33 752 945.82
9 34 234 107.122
9 35 700 59.8367
9 36 728 778.426
9 37 26 652.445
9 38 435 51.6913
9 39 431 316.07
9 40 798 824.234
9 41 418 38.8308
9 42 61 744.367
9 43 733 558.997
9 44 423 10.0366
9 45 761 69.2425
9 46 757 843.888
9 47 467 108.514
9 48 221 13.7782
9 49 476 106.774
9 50 310 84.0593
9 51 90 75.157
9 52 839 21.182
9 53 905 37.1676
9 54 462 384.981
9 55 842 473.576
9 56 469 31.8818
9 57 229 570.656
9 58 459 106.85
9 59 686 22.3783
9 60 203 34.6467
9 61 69 43.3293
9 62 232 105.724
9 63 600 21.1209
9 64 107 99.2087
9 65 139 31.5369
9 66 748 708.263
9 67 597 56.9344
9 68 33 11.2604
9 69 499 86.4458
9 70 397 861.772
10 1 803 71.1499
10 2 841 60.0076
10 3 142 105.99
10 4 409 87.3064
10 5 162 872.911
10 6 20 37.5948
10 7 950 57.6333
10 8 54 768.049
10 9 496 105.752
10 10 0 0
10 11 595 508.703
10 12 826 218.808
10 13 659 495.946
10 14 424 218.747
10 15 379 67.7624
10 16 483 28.8604
10 17 503 513.098
10 18 461 67.3107
10 19 691 18.7497
10 20 943 179.866
10 21 192 19.1464
10 22 819 334.412
10 23 458 187.068
10 24 837 52.0698
10 25 87 46.5764
10 26 374 65.9069
10 27 420 66.5447
10 28 402 34.6254
10 29 690 952.564
10 30 182 259.184
10 31 134 730.237
10 32 44 25.3844
10 33 58 12.5849
10 34 523 74.1194
10 35 880 321.045
10 36 580 66.389
10 37 343 35.1991
10 38 253 77.7755
10 39 387 542.212
10 40 592 233.731
10 41 536 148.401
10 42 846 791.121
10 43 508 48.8104
10 44 968 633.829
10 45 856 489.385
10 46 178 528.815
10 47 728 63.5508
10 48 168 48.3953
10 49 102 63.2945
10 50 615 577.98
10 51 801 87.6025
10 52 911 89.5618
10 53 556 352.631
10 54 210 588.631
10 55 192 802.871
10 56 247 57.6028
10 57 714 47.5378
10 58 897 203.945
10 59 579 32.5318
10 60 982 649.546
10 61 820 55.4848
10 62 631 379.64
10 63 353 77.5192
10 64 627 904.406
10 65 729 102.825
10 66 733 220.578
10 67 668 748.121
10 68 300 19.415
10 69 214 596.047
10 70 413 54.0687
11 1 46 75.4653
11 2 303 27.6244
11 3 11 13.1129
11 4 180 957.935
11 5 583 683.605
11 6 943 56.8459
11 7 885 559.76
11 8 32 462.528
11 9 951 732.556
11 10 568 726.239
11 11 0 0
11 12 604 291.655
11 13 295 73.5487
11 14 103 488.439
11 15 758 309.234
11 16 741 724.835
11 17 850 337.494
11 18 53 53.2386
11 19 10 70.6403
11 20 802 42.8776
11 21 297 74.8457
11 22 376 14.236
11 23 286 13.7538
11 24 577 152.125
11 25 128 602.151
11 26 496 66.7644
11 27 34 70.1093
11 28 787 214.169
11 29 970 888.78
11 30 595 688.488
11 31 375 585.915
11 32 55 356.232
11 33 60 89.3664
11 34 308 53.498
11 35 356 30.661
11 36 351 13.65
11 37 324 33.1086
11 38 852 82.8904
11 39 62 100.075
11 40 408 692.211
11 41 978 672.008
11 42 598 792.067
11 43 180 906.359
11 44 952 32.2663
11 45 887 254.087
11 46 309 805.129
11 47 539 879.655
11 48 387 45.728
11 49 117 89.3542
11 50 713 350.526
11 51 422 460.301
11 52 175 261.9
11 53 862 93.6421
11 54 83 69.3463
11 55 762 21.3865
11 56 386 16.7568
11 57 705 469.456
11 58 397 109.408
11 59 937 52.0118
11 60 976 25.5126
11 61 1 187.77
11 62 694 53.5621
11 63 916 16.5462
11 64 345 269.804
11 65 688 63.9506
11 66 973 67.1245
11 67 838 728.955
11 68 27 589.119
11 69 28 695.11
11 70 987 43.4086
12 1 605 119.806
12 2 844 28.0364
12 3 551 590.615
12 4 782 36.3588
12 5 387 346.192
12 6 923 495.58
12 7 5 24.359
12 8 76 742.627
12 9 814 96.285
12 10 351 67.5396
12 11 625 108.035
12 12 0 0
12 13 637 76.8477
12 14 132 187.343
12 15 720 485.661
12 16 808 105.291
12 17 540 871.782
12 18 58 583.351
12 19 886 460.728
12 20 169 39.5511
12 21 447 467.137
12 22 894 12.9023
12 23 103 748.975
12 24 988 508.032
12 25 406 729.23
12 26 699 660.563
12 27 317 31.0364
12 28 874 685.985
12 29 632 677.684
12 30 493 658.518
12 31 343 72.7766
12 32 741 655.619
12 33 69 77.5405
12 34 357 41.6202
12 35 519 864.946
12 36 601 52.2956
12 37 639 632.944
12 38 621 988.851
12 39 356 95.6288
12 40 890 375.001
12 41 626 713.848
12 42 415 48.2031
12 43 473 93.0866
12 44 607 682.811
12 45 543 57.3556
12 46 211 58.854
12 47 158 42.4961
12 48 46 484.197
12 49 763 246.702
12 50 327 162.043
12 51 630 76.7287
12 52 641 215.573
12 53 526 46.5795
12 54 51 73.6525
12 55 345 579.597
12 56 553 521.124
12 57 809 655.283
12 58 541 55.0026
12 59 114 33.7678
12 60 434 47.8521
12 61 903 33.4779
12 62 881 471.867
12 63 204 845.536
12 64 839 739.606
12 65 48 355.378
12 66 837 87.1599
12 67 281 656.687
12 68 286 194.851
12 69 330 32.2205
12 70 507 308.685
13 1 228 786.94
13 2 246 32.0527
13 3 129 537.818
13 4 375 571.785
13 5 736 84.1569
13 6 535 447.147
13 7 944 81.9382
13 8 547 626.016
13 9 40 88.106
13 10 417 167.903
13 11 945 523.932
13 12 688 71.7359
13 13 0 0
13 14 689 259.214
13 15 553 17.6083
13 16 538 13.5218
13 17 208 108.263
13 18 637 927.356
13 19 713 179.958
13 20 160 83.6015
13 21 993 71.4032
13 22 633 63.7828
13 23 568 70.4022
13 24 425 699.322
13 25 755 166.774
13 26 578 61.1734
13 27 89 845.261
13 28 285 44.2784
13 29 69 768.904
13 30 124 13.3876
13 31 775 74.3452
13 32 269 42.9661
13 33 252 311.309
13 34 43 44.5897
13 35 704 313.72
13 36 159 52.9914
13 37 997 577.858
13 38 645 18.1668
13 39 264 630.777
13 40 609 285.826
13 41 381 42.3191
13 42 519 58.1338
13 43 921 14.2817
13 44 380 99.5322
13 45 70 86.7785
13 46 48 894.823
13 47 881 584.816
13 48 179 78.688
13 49 211 348.511
13 50 356 718.701
13 51 716 718.701
13 52 588 929.889
13 53 343 333.923
13 54 218 56.3057
13 55 715 100.426
13 56 862 364.228
13 57 914 272.368
13 58 32 631.998
13 59 261 151.972
13 60 84 82.6951
13 61 45 602.395
13 62 557 79.1458
13 63 620 45.7036
13 64 666 21.9877
13 65 416 62.3637
13 66 672 327.82
13 67 58 58.9303
13 68 166 51.6883
13 69 321 607.308
13 70 383 88.164
14 1 124 45.2306
14 2 96 101.906
14 3 144 100.478
14 4 579 81.9535
14 5 22 459.049
14 6 541 999.074
14 7 63 53.318
14 8 210 51.85
14 9 913 160.7
14 10 169 54.8378
14 11 870 516.76
14 12 637 62.6414
14 13 666 652.659
14 14 0 0
14 15 628 541.602
14 16 383 802.444
14 17 660 62.1928
14 18 629 45.7067
14 19 902 468.846
14 20 815 848.923
14 21 199 798.141
14 22 977 120.508
14 23 318 44.6355
14 24 262 71.7512
14 25 774 73.3473
14 26 612 76.5273
14 27 215 683.666
14 28 448 13.3723
14 29 819 113.61
14 30 562 943.317
14 31 4 50.1074
14 32 124 97.8353
14 33 887 102.813
14 34 57 551.704
14 35 455 43.137
14 36 316 196.651
14 37 35 455.57
14 38 808 987.905
14 39 541 819.534
14 40 69 484.685
14 41 824 861.07
14 42 248 43.9671
14 43 716 363.71
14 44 40 92.107
14 45 217 70.9546
14 46 667 778.487
14 47 455 322.113
14 48 874 36.3405
14 49 968 47.9223
14 50 676 80.4489
14 51 489 23.8585
14 52 265 57.795
14 53 78 38.8156
14 54 94 58.2772
14 55 569 391.298
14 56 487 31.0944
14 57 183 100.829
14 58 624 78.8955
14 59 942 107.812
14 60 915 440.952
14 61 22 87.0409
14 62 97 17.2939
14 63 707 962.086
14 64 917 77.0553
14 65 5 86.4031
14 66 16 890.093
14 67 61 20.1474
14 68 33 536.048
14 69 535 275.694
14 70 366 61.1887
15 1 898 787.398
15 2 688 794.57
15 3 290 349.396
15 4 264 33.6122
15 5 356 353.059
15 6 466 156.397
15 7 432 95.3328
15 8 446 174.098
15 9 655 50.8673
15 10 79 21.9938
15 11 901 866.044
15 12 697 224.454
15 13 360 445.255
15 14 960 312.316
15 15 0 0
15 16 502 66.4592
15 17 396 38.1961
15 18 63 811.325
15 19 689 88.0694
15 20 408 760.999
15 21 73 340.21
15 22 590 102.648
15 23 737 94.5973
15 24 414 51.5357
15 25 775 636.789
15 26 642 555.061
15 27 484 274.626
15 28 568 78.8559
15 29 569 93.99
15 30 9 82.4204
15 31 16 821.365
15 32 329 452.335
15 33 178 224.881
15 34 774 81.9565
15 35 254 38.6447
15 36 223 29.6814
15 37 183 64.9852
15 38 345 36.2856
15 39 243 97.9055
15 40 449 90.929
15 41 965 28.8574
15 42 451 384.737
15 43 535 354.615
15 44 364 939.624
15 45 379 760.023
15 46 273 306.793
15 47 180 106.603
15 48 598 78.3615
15 49 291 822.525
15 50 126 73.6433
15 51 339 775.923
15 52 288 562.995
15 53 685 37.2408
15 54 230 41.8339
15 55 723 104.061
15 56 430 39.6701
15 57 635 69.4562
15 58 121 53.6628
15 59 810 992.696
15 60 624 267.088
15 61 524 77.4764
15 62 189 610.665
15 63 872 472.264
15 64 726 904.192
15 65 882 541.938
15 66 967 96.9198
15 67 145 945.179
15 68 920 99.2819
15 69 6 559.15
15 70 732 875.78
16 1 891 104.647
16 2 36 78.5141
16 3 806 492.376
16 4 475 180.019
16 5 977 69.8895
16 6 244 743.543
16 7 492 105.544
16 8 13 587.532
16 9 862 664.378
16 10 399 51.6425
16 11 186 670.146
16 12 32 42.2916
16 13 413 647.104
16 14 343 96.1873
16 15 500 990.132
16 16 0 0
16 17 656 95.9554
16 18 31 917.987
16 19 404 67.1795
16 20 111 35.7241
16 21 864 299.621
16 22 150 187.892
16 23 671 191.31
16 24 768 429.63
16 25 280 13.824
16 26 97 439.731
16 27 409 206.203
16 28 583 28.9337
16 29 687 96.5658
16 30 936 81.6758
16 31 892 63.0107
16 32 276 599.221
16 33 123 820.785
16 34 979 817.398
16 35 26 44.4951
16 36 554 977.04
16 37 999 170.497
16 38 877 24.3742
16 39 182 567.543
16 40 274 266.294
16 41 621 13.7873
16 42 757 18.3926
16 43 929 167.964
16 44 114 701.794
16 45 460 713.299
16 46 623 99.5993
16 47 846 391.451
16 48 872 79.9179
16 49 451 172.114
16 50 176 482.457
16 51 432 65.8916
16 52 329 27.7129
16 53 463 183.132
16 54 728 244.87
16 55 186 339.142
16 56 502 900.683
16 57 986 35.0587
16 58 4 205.868
16 59 351 589.608
16 60 544 204.739
16 61 781 85.4631
16 62 476 658.61
16 63 404 469.517
16 64 619 816.574
16 65 616 76.3015
16 66 961 461.827
16 67 315 40.9
16 68 648 94.5515
16 69 703 21.8351
16 70 515 389.284
17 1 962 94.7743
17 2 119 95.9371
17 3 927 354.646
17 4 42 60.2548
17 5 651 56.7574
17 6 340 65.6047
17 7 425 12.6337
17 8 418 17.5442
17 9 517 981.923
17 10 159 55.674
17 11 759 84.4407
17 12 323 899.676
17 13 747 70.6494
17 14 882 207.699
17 15 150 572.487
17 16 809 579.353
17 17 0 0
17 18 564 82.4784
17 19 470 695.263
17 20 731 45.7555
17 21 328 87.4163
17 22 899 941.822
17 23 727 93.6909
17 24 41 998.037
17 25 812 789.29
17 26 632 60.5081
17 27 201 128.87
17 28 561 99.3948
17 29 184 411.013
17 30 702 85.3746
17 31 994 611.886
17 32 907 32.2114
17 33 836 83.693
17 34 887 30.6397
17 35 425 762.647
17 36 21 17.0803
17 37 707 699.199
17 38 558 570.808
17 39 518 191.097
17 40 657 957.142
17 41 981 83.9769
17 42 523 74.9556
17 43 571 16.1068
17 44 676 13.0885
17 45 226 956.501
17 46 645 729.138
17 47 986 453.739
17 48 333 43.9274
17 49 856 72.8346
17 50 946 64.8601
17 51 496 28.2073
17 52 267 395.235
17 53 622 719.281
17 54 459 89.6564
17 55 18 78.5873
17 56 826 433.994
17 57 32 28.8604
17 58 734 102.047
17 59 735 235.166
17 60 872 98.1252
17 61 109 717.45
17 62 516 61.1979
17 63 190 10.1526
17 64 339 15.6429
17 65 823 689.342
17 66 941 402.041
17 67 369 80.5466
17 68 549 79.5639
17 69 402 964.222
17 70 473 319.519
18 1 232 788.924
18 2 987 536.902
18 3 768 494.39
18 4 481 596.993
18 5 858 111.871
18 6 162 45.2458
18 7 524 970.997
18 8 21 567.726
18 9 321 42.1207
18 10 828 89.1375
18 11 69 900.133
18 12 695 147.272
18 13 412 64.1032
18 14 602 36.603
18 15 324 17.709
18 16 807 383.76
18 17 467 69.3005
18 18 0 0
18 19 442 42.6945
18 20 425 108.77
18 21 321 42.0109
18 22 781 615.67
18 23 715 100.884
18 24 18 964.863
18 25 685 82.6951
18 26 229 101.159
18 27 599 622.323
18 28 428 80.0369
18 29 326 329.498
18 30 974 36.8319
18 31 881 70.4602
18 32 127 149.164
18 33 821 34.1768
18 34 764 94.1029
18 35 191 33.3192
18 36 204 946.003
18 37 526 21.3071
18 38 85 104.995
18 39 593 956.196
18 40 209 792.556
18 41 603 53.9405
18 42 726 527.411
18 43 787 71.2842
18 44 920 96.4223
18 45 617 108.379
18 46 898 80.3299
18 47 536 848.588
18 48 764 494.878
18 49 16 61.9639
18 50 815 79.0878
18 51 368 46.7534
18 52 549 41.8827
18 53 983 75.6453
18 54 139 62.1805
18 55 52 176.936
18 56 614 35.8248
18 57 736 591.225
18 58 567 29.8553
18 59 463 38.6935
18 60 876 42.5205
18 61 687 15.9816
18 62 810 783.095
18 63 711 99.4192
18 64 0 71.6871
18 65 857 551.887
18 66 320 650.584
18 67 149 949.787
18 68 216 85.2586
18 69 939 722.973
18 70 859 767.347
19 1 210 105.529
19 2 162 89.1833
19 3 953 347.596
19 4 507 10.824
19 5 843 100.405
19 6 618 101.372
19 7 200 83.7236
19 8 409 401.247
19 9 589 857.743
19 10 622 80.9555
19 11 526 84.6635
19 12 737 403.262
19 13 188 72.2639
19 14 703 365.632
19 15 761 59.2721
19 16 225 11.6327
19 17 562 85.1976
19 18 953 36.3833
19 19 0 0
19 20 29 93.9015
19 21 820 103.295
19 22 116 98.3847
19 23 590 120.202
19 24 427 850.266
19 25 755 342.682
19 26 457 44.8155
19 27 495 39.1299
19 28 438 15.0447
19 29 805 742.078
19 30 917 936.695
19 31 700 72.331
19 32 751 12.7955
19 33 334 55.7472
19 34 739 52.9395
19 35 78 910.632
19 36 460 98.1924
19 37 358 12.121
19 38 962 181.514
19 39 338 153.651
19 40 453 213.04
19 41 482 118.585
19 42 378 104.464
19 43 160 60.5112
19 44 840 233.457
19 45 832 49.5245
19 46 127 67.5426
19 47 916 312.927
19 48 142 64.8387
19 49 694 923.236
19 50 20 76.6616
19 51 676 159.113
19 52 989 40.3812
19 53 531 194.576
19 54 844 71.2659
19 55 266 74.3086
19 56 855 14.4374
19 57 466 94.1487
19 58 862 495.031
19 59 739 607.858
19 60 484 274.29
19 61 748 105.117
19 62 191 890.215
19 63 825 278.685
19 64 675 865.739
19 65 740 86.4946
19 66 933 334.32
19 67 613 65.208
19 68 351 368.226
19 69 672 119.561
19 70 521 338.166
20 1 761 72.4317
20 2 64 44.2906
20 3 197 150.202
20 4 237 78.6605
20 5 300 108.822
20 6 295 785.079
20 7 627 683.208
20 8 351 21.5299
20 9 958 49.6802
20 10 599 79.9179
20 11 587 827.713
20 12 692 91.9819
20 13 846 72.2883
20 14 408 99.6634
20 15 710 135.217
20 16 881 99.4192
20 17 105 64.268
20 18 38 221.982
20 19 679 985.005
20 20 0 0
20 21 390 520.544
20 22 677 60.3037
20 23 514 43.6467
20 24 674 51.4808
20 25 76 99.288
20 26 726 54.0413
20 27 175 25.006
20 28 854 27.5542
20 29 569 60.2091
20 30 936 730.603
20 31 984 80.8731
20 32 768 88.1579
20 33 841 703.106
20 34 837 26.7852
20 35 168 284.758
20 36 410 562.293
20 37 296 63.7309
20 38 849 35.2419
20 39 594 98.2687
20 40 580 494.603
20 41 669 63.795
20 42 868 100.46
20 43 51 107.708
20 44 184 126.245
20 45 97 36.7342
20 46 343 102.508
20 47 373 976.887
20 48 219 217.678
20 49 329 346.314
20 50 506 55.912
20 51 950 49.1247
20 52 442 199.978
20 53 297 44.1441
20 54 140 514.654
20 55 648 86.3268
20 56 738 62.1226
20 57 778 473.454
20 58 811 102.145
20 59 394 31.0883
20 60 996 106.646
20 61 445 741.04
20 62 406 101.177
20 63 711 541.755
20 64 664 12.0508
20 65 344 109.158
20 66 720 54.0107
20 67 886 37.2744
20 68 593 29.2236
20 69 705 876.634
20 70 664 66.1174
21 1 506 78.3706
21 2 73 378.358
21 3 225 555.213
21 4 654 134.882
21 5 867 580.33
21 6 77 107.659
21 7 315 10.882
21 8 936 836.899
21 9 109 46.1888
21 10 691 26.6082
21 11 702 791.793
21 12 141 17.3855
21 13 87 47.8094
21 14 578 734.54
21 15 167 810.714
21 16 616 73.1733
21 17 535 104.946
21 18 786 959.828
21 19 218 506.963
21 20 457 535.925
21 21 0 0
21 22 693 83.5191
21 23 798 205.929
21 24 619 78.572
21 25 967 26.2389
21 26 557 91.9422
21 27 766 321.35
21 28 864 365.235
21 29 66 23.8005
21 30 785 777.327
21 31 457 698.711
21 32 874 960.682
21 33 24 80.9189
21 34 631 107.186
21 35 186 154.475
21 36 412 34.5308
21 37 293 48.7494
21 38 399 833.42
21 39 706 357.636
21 40 914 403.811
21 41 512 640.909
21 42 135 45.7524
21 43 382 11.5839
21 44 150 36.0598
21 45 418 19.9521
21 46 859 33.7403
21 47 225 607.919
21 48 0 71.7634
21 49 642 454.624
21 50 495 87.6086
21 51 132 671.306
21 52 421 40.4727
21 53 774 109.399
21 54 415 81.4957
21 55 971 80.3665
21 56 705 104.696
21 57 684 50.6812
21 58 842 280.241
21 59 180 616.708
21 60 640 331.94
21 61 802 108.993
21 62 882 44.5103
21 63 563 55.1613
21 64 769 107.183
21 65 561 32.3395
21 66 168 29.7058
21 67 161 101.43
21 68 188 25.2593
21 69 800 15.3499
21 70 214 247.037
22 1 518 105.972
22 2 254 725.567
22 3 847 27.0812
22 4 572 702.74
22 5 475 15.3591
22 6 3 23.6723
22 7 250 38.0007
22 8 423 791.884
22 9 597 620.645
22 10 428 52.7656
22 11 408 44.8521
22 12 608 248.96
22 13 710 907.61
22 14 585 614.236
22 15 149 528.571
22 16 817 549.232
22 17 469 120.416
22 18 577 10.174
22 19 740 655.985
22 20 485 673.717
22 21 472 94.3837
22 22 0 0
22 23 783 93.5749
22 24 56 765.272
22 25 713 759.046
22 26 248 77.2109
22 27 616 28.6468
22 28 27 367.891
22 29 149 475.59
22 30 933 16.0366
22 31 691 28.775
22 32 927 525.305
22 33 560 56.8245
22 34 274 334.229
22 35 488 51.4289
22 36 533 91.1609
22 37 140 86.2871
22 38 620 95.7204
22 39 692 698.314
22 40 516 49.0454
22 41 853 43.256
22 42 455 44.4493
22 43 35 87.2576
22 44 997 35.2693
22 45 320 96.7794
22 46 921 28.1921
22 47 552 61.9272
22 48 931 701.366
22 49 138 104.314
22 50 626 828.384
22 51 130 34.3477
22 52 975 618.875
22 53 703 58.5824
22 54 835 251.188
22 55 583 256.986
22 56 228 234.891
22 57 189 97.8292
22 58 693 42.2611
22 59 126 18.6123
22 60 759 20.416
22 61 904 63.9842
22 62 597 34.6559
22 63 463 77.7694
22 64 627 206.417
22 65 670 43.021
22 66 583 743.94
22 67 486 846.421
22 68 51 459.538
22 69 854 629.343
22 70 855 295.775
23 1 824 347.87
23 2 601 33.7251
23 3 973 376.741
23 4 567 172.572
23 5 198 110.314
23 6 70 579.872
23 7 914 15.4628
23 8 860 41.8705
23 9 800 589.882
23 10 210 567.024
23 11 371 91.8049
23 12 787 20.8341
23 13 515 981.74
23 14 509 19.122
23 15 383 71.6138
23 16 692 308.563
23 17 967 41.2296
23 18 687 32.0771
23 19 510 798.293
23 20 325 25.6804
23 21 338 17.5289
23 22 516 190.883
23 23 0 0
23 24 430 848.527
23 25 946 427.89
23 26 690 45.5541
23 27 891 561.683
23 28 992 802.444
23 29 58 272.795
23 30 217 33.4657
23 31 536 522.101
23 32 866 107
23 33 453 57.972
23 34 649 52.2132
23 35 624 75.8071
23 36 823 61.7991
23 37 84 219.082
23 38 83 86.5252
23 39 645 363.954
23 40 36 556.373
23 41 249 49.3658
23 42 451 732.312
23 43 113 18.594
23 44 420 221.524
23 45 608 662.425
23 46 678 402.224
23 47 655 88.6187
23 48 406 600.594
23 49 861 89.6991
23 50 271 204.494
23 51 303 606.24
23 52 789 700.695
23 53 183 80.9586
23 54 550 803.573
23 55 643 48.9721
23 56 490 53.6598
23 57 468 810.714
23 58 194 370.698
23 59 911 77.2018
23 60 653 990.682
23 61 862 776.045
23 62 370 777.937
23 63 941 105.804
23 64 394 188.777
23 65 542 870.683
23 66 590 817.031
23 67 977 531.805
23 68 586 67.6037
23 69 168 50.9619
23 70 115 37.7413
24 1 161 604.104
24 2 862 756.086
24 3 270 783.736
24 4 31 299.132
24 5 432 37.9885
24 6 404 337.464
24 7 520 498.937
24 8 586 627.054
24 9 308 928.088
24 10 788 611.306
24 11 84 89.87
24 12 471 472.661
24 13 455 245.755
24 14 354 105.343
24 15 82 307.067
24 16 313 964.527
24 17 834 76.0634
24 18 441 75.2486
24 19 275 100.255
24 20 209 248.838
24 21 920 270.323
24 22 534 27.6855
24 23 770 98.0154
24 24 0 0
24 25 655 60.145
24 26 105 37.7291
24 27 947 36.5999
24 28 250 141.504
24 29 175 774.824
24 30 252 82.8568
24 31 502 496.984
24 32 289 57.0962
24 33 975 64.6281
24 34 106 13.8118
24 35 938 81.3065
24 36 804 117.059
24 37 14 39.0841
24 38 536 27.1789
24 39 659 535.987
24 40 341 14.7548
24 41 231 674.571
24 42 21 34.2531
24 43 608 59.6689
24 44 570 74.7176
24 45 415 102.166
24 46 484 15.5086
24 47 516 20.065
24 48 151 11.6724
24 49 203 188.076
24 50 443 65.9282
24 51 782 21.1942
24 52 710 522.253
24 53 142 951.923
24 54 349 77.9586
24 55 427 829.269
24 56 565 32.8278
24 57 577 50.6598
24 58 220 501.195
24 59 712 100.817
24 60 328 286.345
24 61 108 107.394
24 62 314 219.754
24 63 724 363.13
24 64 696 891.161
24 65 669 101.891
24 66 161 975.056
24 67 637 26.2908
24 68 123 333.16
24 69 671 107.232
24 70 456 92.5922
25 1 507 333.405
25 2 357 646.555
25 3 629 55.9273
25 4 393 56.4187
25 5 82 791.335
25 6 919 977.223
25 7 663 474.583
25 8 8 10.1312
25 9 36 822.83
25 10 294 84.7246
25 11 356 109.036
25 12 406 87.9565
25 13 767 72.0411
25 14 279 79.9881
25 15 969 92.7967
25 16 902 100.487
25 17 643 512.365
25 18 576 49.3078
25 19 433 371.064
25 20 902 25.2135
25 21 631 53.8032
25 22 761 570.564
25 23 501 529.089
25 24 226 102.81
25 25 0 0
25 26 84 53.2966
25 27 253 919.452
25 28 927 609.78
25 29 53 28.5156
25 30 169 477.421
25 31 963 642.679
25 32 522 15.4842
25 33 33 43.7626
25 34 945 49.2346
25 35 705 355.592
25 36 52 842.057
25 37 448 24.7862
25 38 955 71.6169
25 39 195 76.4785
25 40 343 377.748
25 41 842 62.6749
25 42 122 936.572
25 43 31 24.8442
25 44 628 92.3725
25 45 313 99.7458
25 46 788 39.0536
25 47 412 826.767
25 48 914 671.489
25 49 19 557.227
25 50 406 107.69
25 51 979 107.113
25 52 238 24.8839
25 53 48 44.3913
25 54 16 94.4661
25 55 926 63.0808
25 56 571 901.293
25 57 628 97.7377
25 58 165 24.1331
25 59 831 70.6372
25 60 267 108.279
25 61 166 50.0708
25 62 342 75.4744
25 63 220 62.7573
25 64 423 96.9442
25 65 73 843.705
25 66 192 66.1693
25 67 65 55.4726
25 68 796 529.883
25 69 794 906.237
25 70 803 91.8354
26 1 853 102.718
26 2 63 109.579
26 3 843 31.8696
26 4 965 53.4828
26 5 121 76.158
26 6 203 26.7547
26 7 574 12.0051
26 8 70 57.8561
26 9 470 59.5468
26 10 769 623.117
26 11 341 34.9001
26 12 925 159.785
26 13 958 61.8387
26 14 567 56.0097
26 15 977 691.509
26 16 12 783.217
26 17 125 24.9541
26 18 708 997.732
26 19 57 92.7967
26 20 536 59.2874
26 21 384 813.766
26 22 235 95.9615
26 23 5 50.257
26 24 796 419.101
26 25 717 791.03
26 26 0 0
26 27 406 101.482
26 28 354 482.091
26 29 446 91.6492
26 30 429 398.318
26 31 718 176.112
26 32 464 182.124
26 33 105 871.232
26 34 583 232.877
26 35 768 104.9
26 36 834 550.147
26 37 205 58.677
26 38 174 60.8988
26 39 754 91.4386
26 40 485 88.5913
26 41 901 206.905
26 42 277 74.98
26 43 270 35.9713
26 44 315 78.3798
26 45 856 18.4323
26 46 312 67.7654
26 47 22 901.232
26 48 362 321.167
26 49 594 535.285
26 50 358 22.2135
26 51 481 21.182
26 52 856 610.757
26 53 908 894.091
26 54 638 124.628
26 55 398 102.831
26 56 657 686.656
26 57 466 81.1386
26 58 975 54.7493
26 59 143 980.977
26 60 924 452
26 61 587 39.8166
26 62 332 817.489
26 63 928 330.292
26 64 769 397.402
26 65 102 97.4447
26 66 927 311.645
26 67 576 33.3955
26 68 375 18.9022
26 69 931 48.7799
26 70 572 704.388
27 1 743 377.718
27 2 996 374.605
27 3 936 124.322
27 4 280 57.4837
27 5 793 594.49
27 6 590 566.444
27 7 838 10
27 8 83 482.854
27 9 226 954.945
27 10 993 920.367
27 11 340 15.8596
27 12 323 34.2744
27 13 563 983.418
27 14 337 528.906
27 15 514 539.283
27 16 402 943.287
27 17 348 89.3115
27 18 866 807.693
27 19 192 647.684
27 20 674 96.2667
27 21 178 32.4189
27 22 797 973.866
27 23 480 40.427
27 24 855 61.7563
27 25 27 53.8276
27 26 445 58.5214
27 27 0 0
27 28 170 653.88
27 29 198 204.464
27 30 248 36.3558
27 31 298 106.869
27 32 751 69.9628
27 33 780 10.2655
27 34 123 744.123
27 35 109 467.076
27 36 128 65.5742
27 37 625 54.6883
27 38 354 107.684
27 39 317 612.985
27 40 960 37.253
27 41 389 40.9244
27 42 59 40.1523
27 43 552 697.857
27 44 887 108.724
27 45 106 58.3718
27 46 800 698.345
27 47 549 966.145
27 48 265 34.659
27 49 28 445.224
27 50 701 974.537
27 51 729 242.185
27 52 111 86.1773
27 53 190 653.483
27 54 767 36.7037
27 55 31 299.407
27 56 437 38.8705
27 57 927 524.389
27 58 176 892.076
27 59 117 949.879
27 60 748 71.1713
27 61 795 31.363
27 62 953 95.6899
27 63 868 323.517
27 64 648 84.0135
27 65 38 1010
27 66 407 887.255
27 67 247 39.5541
27 68 796 60.2365
27 69 918 42.3527
27 70 609 33.2368
28 1 152 69.0777
28 2 989 443.912
28 3 431 983.296
28 4 425 56.2081
28 5 534 393.587
28 6 478 591.347
28 7 492 59.1958
28 8 682 87.8893
28 9 43 72.5324
28 10 290 576.332
28 11 180 67.7258
28 12 97 869.31
28 13 461 987.996
28 14 191 762.77
28 15 827 78.8162
28 16 271 19.827
28 17 113 80.1621
28 18 985 871.568
28 19 713 67.5091
28 20 557 930.011
28 21 456 767.042
28 22 108 97.6278
28 23 888 105.267
28 24 265 249.265
28 25 388 38.9377
28 26 359 68.3483
28 27 433 43.723
28 28 0 0
28 29 129 76.6921
28 30 187 74.3422
28 31 93 601.632
28 32 928 24.3559
28 33 391 563.056
28 34 719 41.84
28 35 214 182.338
28 36 417 23.2694
28 37 788 56.2172
28 38 860 278.868
28 39 182 777.571
28 40 961 90.7611
28 41 567 183.498
28 42 107 11.9593
28 43 933 516.516
28 44 833 107.415
28 45 200 810.409
28 46 862 574.104
28 47 999 67.6189
28 48 48 27.6092
28 49 688 132.898
28 50 804 61.4664
28 51 100 799.178
28 52 768 35.7973
28 53 612 82.6646
28 54 790 483.556
28 55 123 29.2267
28 56 499 38.6233
28 57 866 14.2299
28 58 666 103.295
28 59 603 16.0091
28 60 63 242.612
28 61 83 889.299
28 62 56 805.373
28 63 235 21.7222
28 64 583 237.088
28 65 402 64.6983
28 66 147 71.5741
28 67 835 43.2316
28 68 635 33.6488
28 69 332 168.055
28 70 265 24.6153
29 1 674 22.8544
29 2 385 520.666
29 3 761 216.885
29 4 765 13.9918
29 5 985 363.771
29 6 973 61.503
29 7 698 27.1209
29 8 156 15.0813
29 9 168 95.3969
29 10 14 66.8041
29 11 195 162.226
29 12 367 84.0074
29 13 512 1004.2
29 14 115 100.271
29 15 803 48.2794
29 16 336 25.7506
29 17 497 107.055
29 18 118 380.434
29 19 379 313.842
29 20 479 105.352
29 21 781 35.6691
29 22 102 516.546
29 23 83 29.6692
29 24 334 67.7319
29 25 805 39.1147
29 26 506 185.42
29 27 523 32.8584
29 28 67 353.791
29 29 0 0
29 30 803 924.579
29 31 452 61.4847
29 32 801 68.3728
29 33 141 359.162
29 34 920 913.409
29 35 100 49.7809
29 36 206 630.075
29 37 82 46.7412
29 38 991 782.912
29 39 198 140.558
29 40 535 74.4948
29 41 152 12.9786
29 42 465 96.4071
29 43 581 70.5884
29 44 609 413.79
29 45 266 766.401
29 46 859 565.437
29 47 393 73.0055
29 48 156 885.515
29 49 893 418.338
29 50 765 288.237
29 51 159 652.506
29 52 299 56.794
29 53 338 22.9521
29 54 508 51.615
29 55 39 64.6678
29 56 739 30.7831
29 57 693 44.6446
29 58 683 943.561
29 59 251 97.112
29 60 507 28.5247
29 61 79 404.971
29 62 982 86.0826
29 63 477 989.278
29 64 963 689.342
29 65 233 84.2943
29 66 24 108.733
29 67 369 64.6892
29 68 952 66.0198
29 69 17 37.72
29 70 638 594.979
30 1 885 35.8187
30 2 447 735.608
30 3 777 633.737
30 4 187 64.088
30 5 997 41.2845
30 6 616 60.1358
30 7 773 979.756
30 8 997 80.8029
30 9 19 352.174
30 10 414 108.117
30 11 149 45.6609
30 12 296 848.771
30 13 735 830.917
30 14 300 48.496
30 15 491 922.198
30 16 618 103.768
30 17 138 835.373
30 18 146 417.514
30 19 318 109.121
30 20 887 102.898
30 21 296 487.95
30 22 512 753.736
30 23 56 79.2801
30 24 221 23.01
30 25 934 432.437
30 26 74 301.33
30 27 636 733.685
30 28 155 103.185
30 29 617 327.026
30 30 0 0
30 31 758 590.767
30 32 643 17.5686
30 33 135 777.266
30 34 722 73.8752
30 35 194 217.068
30 36 312 58.6709
30 37 997 484.96
30 38 206 109.338
30 39 618 484.96
30 40 593 25.3264
30 41 303 94.3348
30 42 721 82.2434
30 43 880 860.185
30 44 144 674.205
30 45 57 13.1739
30 46 349 915.423
30 47 925 321.502
30 48 227 72.3463
30 49 388 47.6598
30 50 975 69.6362
30 51 728 29.6875
30 52 352 103.124
30 53 726 435.916
30 54 818 451.053
30 55 108 647.318
30 56 69 202.145
30 57 120 64.6098
30 58 823 428.378
30 59 951 182.399
30 60 102 31.8879
30 61 545 104.476
30 62 197 358.674
30 63 488 651.499
30 64 159 110.528
30 65 369 55.3291
30 66 172 899.035
30 67 561 953.693
30 68 691 814.041
30 69 624 923.175
30 70 848 33.3131
31 1 582 770.887
31 2 933 87.7459
31 3 528 518.957
31 4 539 245.359
31 5 116 847.489
31 6 271 534.216
31 7 849 99.3094
31 8 971 27.7038
31 9 126 101.043
31 10 265 626.596
31 11 852 454.685
31 12 973 99.4528
31 13 860 893.328
31 14 524 21.7496
31 15 115 517.553
31 16 153 58.674
31 17 966 348.664
31 18 230 97.9116
31 19 422 959.828
31 20 688 42.2275
31 21 432 108.148
31 22 967 78.7307
31 23 793 99.0042
31 24 922 573.402
31 25 414 118.341
31 26 573 730.664
31 27 445 103.292
31 28 549 102.676
31 29 818 705.853
31 30 204 302.245
31 31 0 0
31 32 932 85.8538
31 33 490 99.9136
31 34 187 211.605
31 35 274 353.974
31 36 177 50.8734
31 37 57 22.6835
31 38 473 77.2109
31 39 345 671.031
31 40 535 124.872
31 41 959 208.065
31 42 495 35.074
31 43 597 37.6162
31 44 186 19.827
31 45 798 63.5997
31 46 16 690.441
31 47 144 42.136
31 48 795 578.987
31 49 565 72.2578
31 50 237 99.349
31 51 852 780.959
31 52 856 133.203
31 53 920 37.0638
31 54 846 293.7
31 55 688 21.89
31 56 332 38.7942
31 57 235 26.4068
31 58 216 85.3533
31 59 629 346.131
31 60 682 75.212
31 61 939 393.862
31 62 334 23.0345
31 63 723 29.9194
31 64 312 67.0391
31 65 93 149.47
31 66 219 14.5961
31 67 62 395.815
31 68 506 50.2814
31 69 402 52.4024
31 70 791 97.2341
32 1 231 43.0241
32 2 348 55.5336
32 3 138 91.1975
32 4 32 90.7917
32 5 488 11.7914
32 6 85 106.164
32 7 960 21.8229
32 8 387 718.09
32 9 183 698.62
32 10 113 507.665
32 11 13 23.7303
32 12 411 763.685
32 13 517 926.349
32 14 134 14.5167
32 15 689 28.1158
32 16 82 65.0584
32 17 608 13.4944
32 18 425 325.043
32 19 575 644.877
32 20 446 85.5516
32 21 808 388.399
32 22 385 223.233
32 23 743 34.839
32 24 430 92.0215
32 25 543 40.3873
32 26 525 66.4318
32 27 81 48.3648
32 28 173 959.004
32 29 252 477.208
32 30 146 517.523
32 31 551 103.518
32 32 0 0
32 33 470 872.789
32 34 216 41.8735
32 35 584 78.9749
32 36 260 24.3498
32 37 145 473.424
32 38 865 298.888
32 39 926 98.4182
32 40 516 11.9898
32 41 725 109.246
32 42 958 73.1611
32 43 475 93.7336
32 44 387 611.123
32 45 383 787.337
32 46 548 49.5062
32 47 415 78.8253
32 48 937 85.2861
32 49 282 25.9764
32 50 424 58.796
32 51 401 90.4071
32 52 5 751.173
32 53 368 79.9026
32 54 325 320.129
32 55 2 384.767
32 56 673 38.9651
32 57 752 34.4636
32 58 776 101.665
32 59 394 71.2171
32 60 574 44.2387
32 61 345 107.195
32 62 761 28.3538
32 63 250 99.5474
32 64 720 259.947
32 65 166 107.421
32 66 404 954.639
32 67 138 80.8335
32 68 5 69.8682
32 69 882 515.173
32 70 232 577.339
33 1 300 720.501
33 2 65 410.891
33 3 38 475.835
33 4 679 947.01
33 5 121 797.896
33 6 965 96.5261
33 7 457 238.919
33 8 766 328.216
33 9 307 52.5123
33 10 457 475.926
33 11 384 405.215
33 12 182 16.1586
33 13 187 253.995
33 14 54 62.9557
33 15 814 585.03
33 16 132 72.5172
33 17 268 15.1546
33 18 752 15.8168
33 19 670 88.9178
33 20 422 97.8994
33 21 344 251.981
33 22 315 17.5381
33 23 279 68.2354
33 24 783 26.1596
33 25 417 905.535
33 26 973 83.9189
33 27 559 54.3678
33 28 323 67.2832
33 29 739 51.847
33 30 676 96.4772
33 31 163 637.247
33 32 525 372.774
33 33 0 0
33 34 16 77.9952
33 35 521 30.2368
33 36 591 106.692
33 37 905 31.2012
33 38 428 30.5542
33 39 28 16.2258
33 40 577 87.9107
33 41 429 92.815
33 42 635 72.212
33 43 353 591.835
33 44 811 457.066
33 45 589 880.907
33 46 80 790.145
33 47 874 42.7952
33 48 328 88.0755
33 49 454 94.872
33 50 64 324.615
33 51 14 98.5739
33 52 111 84.5506
33 53 602 66.3768
33 54 398 648.112
33 55 514 75.2425
33 56 855 663.981
33 57 477 69.2669
33 58 464 109.28
33 59 686 564.949
33 60 122 424.533
33 61 86 13.7294
33 62 178 89.3512
33 63 115 101.028
33 64 853 939.96
33 65 721 31.5979
33 66 866 70.5945
33 67 874 24.6733
33 68 206 34.0516
33 69 548 69.505
33 70 300 70.2771
34 1 712 616.037
34 2 95 514.715
34 3 368 108.392
34 4 439 94.2494
34 5 736 153.315
34 6 779 421.817
34 7 930 572.12
34 8 672 31.3996
34 9 385 84.5476
34 10 791 21.9633
34 11 714 547.095
34 12 789 49.1278
34 13 105 895.372
34 14 259 41.1655
34 15 322 884.996
34 16 877 651.133
34 17 73 841.385
34 18 129 476.872
34 19 507 575.844
34 20 887 838.608
34 21 778 73.0634
34 22 813 946.308
34 23 156 89.6594
34 24 384 56.3118
34 25 480 108.492
34 26 918 101.995
34 27 227 708.996
34 28 785 139.704
34 29 358 747.693
34 30 196 103.78
34 31 408 765.821
34 32 8 158.259
34 33 384 201.595
34 34 0 0
34 35 771 898.974
34 36 848 343.842
34 37 974 90.5689
34 38 800 107.436
34 39 295 39.2093
34 40 615 41.2693
34 41 154 10.3327
34 42 594 682.506
34 43 561 90.1416
34 44 376 37.8024
34 45 524 76.5059
34 46 682 105.135
34 47 857 601.906
34 48 409 257.993
34 49 237 757.856
34 50 289 48.0108
34 51 29 717.358
34 52 41 411.685
34 53 701 30.0568
34 54 947 78.0837
34 55 385 974.843
34 56 653 788.191
34 57 812 81.3218
34 58 700 71.9709
34 59 39 60.9995
34 60 492 51.5052
34 61 998 610.94
34 62 819 270.109
34 63 433 626.138
34 64 638 905.23
34 65 889 676.982
34 66 574 805.282
34 67 237 92.1253
34 68 403 87.0562
34 69 945 48.7432
34 70 815 78.0166
35 1 625 1006.89
35 2 707 841.446
35 3 783 272.185
35 4 511 290.648
35 5 568 452.03
35 6 105 700.39
35 7 797 685.741
35 8 249 769.239
35 9 371 606.728
35 10 340 74.9342
35 11 997 121.332
35 12 922 425.601
35 13 659 56.7849
35 14 984 328.583
35 15 298 72.5935
35 16 967 30.1361
35 17 383 372.133
35 18 282 966.542
35 19 287 58.5855
35 20 94 72.6972
35 21 465 11.9227
35 22 466 1008.72
35 23 640 23.7577
35 24 649 88.0175
35 25 278 83.9128
35 26 510 755.445
35 27 878 74.0126
35 28 736 77.4642
35 29 534 607.217
35 30 539 77.5893
35 31 271 71.9739
35 32 294 74.7237
35 33 288 351.288
35 34 318 45.8257
35 35 0 0
35 36 950 770.796
35 37 534 32.8278
35 38 450 73.7226
35 39 836 52.4268
35 40 119 21.9388
35 41 318 86.5801
35 42 824 34.2866
35 43 949 586.8
35 44 973 64.0971
35 45 123 346.039
35 46 531 34.723
35 47 208 109.46
35 48 127 62.4766
35 49 695 56.9375
35 50 605 99.6573
35 51 634 93.7184
35 52 233 47.9498
35 53 376 20.0101
35 54 386 183.009
35 55 536 21.5726
35 56 832 23.7944
35 57 786 24.5268
35 58 649 77.6656
35 59 950 579.903
35 60 512 30.5115
35 61 255 378.511
35 62 340 928.79
35 63 32 44.8369
35 64 857 700.847
35 65 133 53.2447
35 66 132 14.6846
35 67 753 76.448
35 68 344 102.566
35 69 992 73.3168
35 70 185 104.974
36 1 705 26.1138
36 2 986 858.292
36 3 480 30.9082
36 4 264 363.313
36 5 187 15.942
36 6 886 512.274
36 7 278 92.0856
36 8 262 105.053
36 9 87 65.855
36 10 780 863.45
36 11 995 553.168
36 12 109 252.653
36 13 653 467.045
36 14 369 74.8793
36 15 24 51.3984
36 16 404 20.2908
36 17 123 473.118
36 18 373 76.0054
36 19 940 994.1
36 20 956 80.4855
36 21 704 26.3274
36 22 623 25.5675
36 23 211 79.6921
36 24 280 904.07
36 25 393 21.7862
36 26 519 955.219
36 27 235 91.7225
36 28 189 84.1203
36 29 130 62.4918
36 30 484 849.534
36 31 445 22.7049
36 32 459 47.0495
36 33 656 623.636
36 34 271 97.1029
36 35 641 20.8371
36 36 0 0
36 37 227 75.7369
36 38 895 75.7552
36 39 752 21.7069
36 40 393 93.0744
36 41 642 98.8943
36 42 271 64.1276
36 43 832 481.175
36 44 42 36.2368
36 45 509 991.262
36 46 172 394.228
36 47 784 214.535
36 48 608 32.4494
36 49 990 44.6751
36 50 389 779.158
36 51 816 672.923
36 52 441 716.503
36 53 398 16.0732
36 54 635 95.1527
36 55 178 104.177
36 56 844 771.254
36 57 83 13.7477
36 58 102 44.55
36 59 824 893.602
36 60 50 709.362
36 61 123 105.828
36 62 692 366.151
36 63 491 34.1462
36 64 540 90.108
36 65 66 141.199
36 66 834 62.562
36 67 670 362.306
36 68 479 274.229
36 69 41 89.046
36 70 496 472.691
37 1 419 26.3488
37 2 941 70.7624
37 3 105 790.053
37 4 375 102.438
37 5 308 105.691
37 6 861 257.81
37 7 911 609.384
37 8 374 728.07
37 9 629 623.971
37 10 694 56.9008
37 11 791 858.689
37 12 229 803.39
37 13 160 775.435
37 14 623 60.3739
37 15 430 76.8966
37 16 264 501.775
37 17 441 679.576
37 18 321 104.403
37 19 115 279.723
37 20 911 433.536
37 21 788 26.2908
37 22 104 30.1147
37 23 15 23.8249
37 24 564 950.397
37 25 852 62.6719
37 26 695 243.131
37 27 973 34.3538
37 28 118 682.262
37 29 486 71.3269
37 30 523 35.8431
37 31 595 39.4351
37 32 534 107.659
37 33 101 85.808
37 34 322 684.734
37 35 257 757.642
37 36 984 625.772
37 37 0 0
37 38 984 55.6862
37 39 485 911.639
37 40 209 59.0341
37 41 795 99.2056
37 42 425 20.0406
37 43 474 46.5947
37 44 561 105.898
37 45 275 42.6518
37 46 86 96.6665
37 47 903 44.8155
37 48 70 698.406
37 49 693 57.2488
37 50 278 20.1535
37 51 275 919.085
37 52 922 927.692
37 53 541 785.628
37 54 877 69.6484
37 55 238 71.5314
37 56 575 637.613
37 57 996 711.437
37 58 584 84.6788
37 59 948 292.388
37 60 20 113.427
37 61 893 95.9951
37 62 544 23.1138
37 63 77 463.993
37 64 495 627.054
37 65 441 726.544
37 66 313 954.639
37 67 96 846.482
37 68 580 331.726
37 69 720 65.4704
37 70 546 638.895
38 1 256 417.147
38 2 93 963.734
38 3 859 669.536
38 4 219 553.565
38 5 374 51.5082
38 6 995 444.248
38 7 664 200.649
38 8 26 32.0649
38 9 472 109.344
38 10 821 975.484
38 11 148 723.34
38 12 382 666.392
38 13 730 70.1459
38 14 454 81.4499
38 15 447 866.563
38 16 304 163.752
38 17 300 11.5809
38 18 932 77.8976
38 19 587 16.6774
38 20 303 70.9455
38 21 804 18.9175
38 22 454 92.815
38 23 278 102.633
38 24 883 549.506
38 25 220 109.524
38 26 910 21.2827
38 27 770 14.5778
38 28 933 61.6739
38 29 518 188.564
38 30 192 53.8581
38 31 410 721.631
38 32 901 764.143
38 33 598 738.965
38 34 970 29.5318
38 35 879 22.2105
38 36 732 57.9263
38 37 441 407.443
38 38 0 0
38 39 661 53.7361
38 40 266 33.9021
38 41 859 54.3342
38 42 604 984.487
38 43 979 317.566
38 44 741 76.5242
38 45 820 50.907
38 46 406 257.505
38 47 769 809.554
38 48 125 162.379
38 49 432 970.448
38 50 754 35.7881
38 51 310 55.1338
38 52 290 109.521
38 53 760 57.8713
38 54 159 85.1671
38 55 701 74.4246
38 56 665 750.287
38 57 224 72.8162
38 58 650 90.7642
38 59 265 52.1461
38 60 656 27.8381
38 61 673 29.5257
38 62 774 16.7965
38 63 391 450.779
38 64 915 18.8229
38 65 703 72.5294
38 66 945 622.903
38 67 344 42.7219
38 68 982 80.1346
38 69 675 109.643
38 70 722 47.5286
39 1 535 63.737
39 2 460 366.12
39 3 682 59.8367
39 4 881 70.7471
39 5 863 52.8297
39 6 167 320.404
39 7 413 100.762
39 8 951 45.4778
39 9 866 81.8558
39 10 503 190.517
39 11 906 39.8532
39 12 839 988.027
39 13 190 10.9827
39 14 480 986.653
39 15 468 47.4828
39 16 373 953.266
39 17 288 94.5058
39 18 646 212.002
39 19 503 44.312
39 20 837 69.8041
39 21 238 581.795
39 22 891 108.578
39 23 311 49.491
39 24 974 25.2837
39 25 344 87.0287
39 26 533 727.551
39 27 521 70.2405
39 28 111 68.6138
39 29 903 46.7687
39 30 953 162.806
39 31 665 35.3121
39 32 122 79.2099
39 33 233 80.9677
39 34 819 55.7778
39 35 502 721.356
39 36 664 999.807
39 37 51 957.6
39 38 778 172.206
39 39 0 0
39 40 660 18.8931
39 41 173 722.119
39 42 617 433.353
39 43 550 58.9517
39 44 753 616.281
39 45 573 69.3921
39 46 74 42.5938
39 47 581 13.235
39 48 74 107.436
39 49 733 687.511
39 50 919 66.6912
39 51 86 252.836
39 52 871 796.706
39 53 566 95.4457
39 54 839 87.4743
39 55 620 715.71
39 56 220 775.069
39 57 159 372.621
39 58 627 60.2426
39 59 599 673.686
39 60 674 30.188
39 61 386 966.938
39 62 199 251.34
39 63 695 86.3451
39 64 382 54.4349
39 65 777 982.655
39 66 315 43.5795
39 67 961 59.0982
39 68 384 772.688
39 69 625 10.0092
39 70 910 401.491
40 1 278 275.358
40 2 351 457.31
40 3 343 399.538
40 4 533 282.134
40 5 969 75.92
40 6 51 57.8164
40 7 818 314.544
40 8 956 287.322
40 9 673 724.866
40 10 827 620.004
40 11 688 64.3321
40 12 707 606.271
40 13 584 92.5465
40 14 464 227.444
40 15 629 856.187
40 16 26 73.0238
40 17 570 24.8564
40 18 378 84.3706
40 19 528 100.805
40 20 224 288.207
40 21 185 32.1259
40 22 395 106.316
40 23 136 824.966
40 24 504 87.8954
40 25 928 45.1268
40 26 337 844.193
40 27 983 132.898
40 28 909 30.3619
40 29 237 53.4004
40 30 999 58.9029
40 31 516 39.8379
40 32 65 202.419
40 33 956 205.807
40 34 342 96.581
40 35 894 748.426
40 36 72 39.2673
40 37 897 40.0638
40 38 256 76.4907
40 39 751 100.152
40 40 0 0
40 41 923 657.938
40 42 189 117.883
40 43 734 37.0791
40 44 615 18.7344
40 45 866 673.594
40 46 708 104.378
40 47 100 15.0142
40 48 202 72.3768
40 49 857 12.3774
40 50 894 665.873
40 51 825 13.5707
40 52 283 38.1014
40 53 759 47.1899
40 54 332 101.968
40 55 435 124.597
40 56 578 41.0068
40 57 114 81.7582
40 58 796 275.694
40 59 107 249.753
40 60 963 340.18
40 61 87 517.248
40 62 968 39.6365
40 63 308 98.3358
40 64 865 42.5694
40 65 162 699.016
40 66 523 70.6708
40 67 626 80.0613
40 68 954 49.1308
40 69 793 875.505
40 70 813 15.6185
41 1 345 83.4581
41 2 788 722.21
41 3 14 137.903
41 4 216 92.6411
41 5 476 612.039
41 6 583 147.486
41 7 557 676.066
41 8 299 632.883
41 9 40 95.5861
41 10 468 28.952
41 11 338 757.124
41 12 326 20.0436
41 13 433 32.895
41 14 710 35.4769
41 15 264 167.323
41 16 583 61.4145
41 17 227 251.798
41 18 399 267.21
41 19 885 80.0552
41 20 796 397.341
41 21 171 144.495
41 22 102 16.296
41 23 330 856.98
41 24 977 21.8839
41 25 951 19.476
41 26 511 314.544
41 27 410 22.6102
41 28 275 508.459
41 29 723 974.202
41 30 43 36.2001
41 31 664 367.616
41 32 93 69.9445
41 33 974 86.7144
41 34 728 723.431
41 35 831 323.73
41 36 890 11.6633
41 37 261 915.21
41 38 363 90.285
41 39 812 100.722
41 40 164 929.248
41 41 0 0
41 42 71 46.1858
41 43 156 654.826
41 44 575 59.8245
41 45 724 98.6319
41 46 673 86.046
41 47 563 893.694
41 48 643 424.472
41 49 986 109.487
41 50 650 629.282
41 51 441 936.939
41 52 394 37.7413
41 53 775 22.8086
41 54 770 658.03
41 55 17 17.0986
41 56 756 239.438
41 57 592 983.479
41 58 15 438.724
41 59 607 33.8533
41 60 505 75.4866
41 61 629 77.8793
41 62 56 335.266
41 63 913 555.61
41 64 61 58.8845
41 65 921 645.212
41 66 14 975.331
41 67 612 51.7768
41 68 997 80.809
41 69 772 45.6151
41 70 432 23.8035
42 1 346 57.38
42 2 72 106.683
42 3 151 102.047
42 4 119 55.1704
42 5 74 905.688
42 6 391 98.1436
42 7 831 958.82
42 8 617 69.4867
42 9 824 513.525
42 10 976 339.63
42 11 558 68.2232
42 12 801 554.633
42 13 14 35.4738
42 14 543 913.989
42 15 469 53.1013
42 16 511 576.21
42 17 714 48.5266
42 18 126 77.4459
42 19 877 973.5
42 20 341 356.873
42 21 617 922.595
42 22 936 43.2591
42 23 351 312.561
42 24 578 20.8768
42 25 939 81.8406
42 26 1 74.8579
42 27 682 909.594
42 28 554 14.3825
42 29 329 940.509
42 30 392 729.901
42 31 541 15.3591
42 32 862 101.461
42 33 155 832.016
42 34 951 360.536
42 35 541 755.415
42 36 632 175.166
42 37 574 956.989
42 38 634 417.147
42 39 208 764.479
42 40 402 48.5266
42 41 333 83.1193
42 42 0 0
42 43 751 59.5346
42 44 354 62.794
42 45 528 481.755
42 46 279 246.488
42 47 725 952.32
42 48 967 87.0531
42 49 603 341.217
42 50 129 328.094
42 51 609 190.12
42 52 865 32.3457
42 53 680 477.177
42 54 13 99.288
42 55 677 22.299
42 56 636 70.2039
42 57 840 39.5938
42 58 730 63.798
42 59 674 73.2466
42 60 31 25.9886
42 61 130 63.4593
42 62 309 23.8035
42 63 688 76.4357
42 64 925 94.9055
42 65 558 515.142
42 66 575 90.0317
42 67 403 29.0893
42 68 885 554.298
42 69 971 708.355
42 70 320 765.608
43 1 480 502.172
43 2 606 311.096
43 3 996 54.1023
43 4 396 474.888
43 5 792 920.398
43 6 94 124.994
43 7 590 11.0712
43 8 172 74.9312
43 9 357 670.756
43 10 476 162.165
43 11 86 51.4136
43 12 664 472.905
43 13 243 89.281
43 14 627 101.913
43 15 537 573.799
43 16 651 62.6811
43 17 498 99.5901
43 18 953 350.587
43 19 763 534.186
43 20 54 14.3123
43 21 609 652.415
43 22 361 224.759
43 23 28 135.858
43 24 761 718.182
43 25 813 86.2871
43 26 613 11.3672
43 27 825 846.177
43 28 318 74.2842
43 29 322 556.251
43 30 471 59.8489
43 31 248 413.455
43 32 520 15.9511
43 33 57 55.9456
43 34 825 21.774
43 35 966 737.683
43 36 244 894.06
43 37 172 107.977
43 38 74 667.613
43 39 964 102.795
43 40 245 15.1485
43 41 645 243.772
43 42 324 122.888
43 43 0 0
43 44 295 55.146
43 45 341 704.54
43 46 246 547.065
43 47 667 34.7475
43 48 327 577.095
43 49 858 104.305
43 50 493 52.7412
43 51 736 91.2922
43 52 795 97.1914
43 53 71 65.3972
43 54 47 38.6538
43 55 30 99.3979
43 56 683 76.213
43 57 740 99.8465
43 58 487 153.162
43 59 340 359.986
43 60 566 500.463
43 61 792 875.017
43 62 246 761.366
43 63 92 92.0643
43 64 486 799.148
43 65 461 388.033
43 66 821 548.316
43 67 322 36.4718
43 68 713 96.7061
43 69 268 54.9355
43 70 993 524.786
44 1 23 60.1205
44 2 609 24.5909
44 3 521 88.2708
44 4 55 84.2302
44 5 192 82.0786
44 6 702 982.259
44 7 650 26.892
44 8 241 55.0728
44 9 298 446.872
44 10 755 573.799
44 11 579 15.1485
44 12 944 409.915
44 13 696 94.4935
44 14 287 944.965
44 15 173 77.1773
44 16 98 67.9302
44 17 672 68.6261
44 18 45 154.078
44 19 80 523.291
44 20 454 93.9167
44 21 730 29.1748
44 22 54 716.992
44 23 797 36.3436
44 24 350 557.136
44 25 274 764.631
44 26 461 62.0096
44 27 440 21.6886
44 28 716 96.4193
44 29 671 343.567
44 30 468 147.211
44 31 325 912.829
44 32 376 742.963
44 33 940 12.2492
44 34 702 753.614
44 35 642 106.374
44 36 842 183.315
44 37 646 585.182
44 38 844 77.0888
44 39 773 42.3344
44 40 723 987.966
44 41 263 756.757
44 42 900 806.808
44 43 534 64.3321
44 44 0 0
44 45 457 412.081
44 46 506 803.817
44 47 887 683.666
44 48 679 37.9122
44 49 515 104.134
44 50 655 611.062
44 51 747 738.782
44 52 923 108.999
44 53 178 801.04
44 54 296 413.943
44 55 625 48.1054
44 56 596 101.601
44 57 217 18.0844
44 58 516 67.561
44 59 399 51.7432
44 60 601 14.2299
44 61 478 488.835
44 62 266 457.096
44 63 64 482.549
44 64 431 277.556
44 65 242 35.8065
44 66 562 72.9475
44 67 330 966.114
44 68 254 506.719
44 69 517 52.0148
44 70 145 90.6726
45 1 89 37.076
45 2 286 97.6339
45 3 598 979.024
45 4 346 56.794
45 5 363 76.5273
45 6 987 900.957
45 7 898 102.874
45 8 349 557.99
45 9 309 66.5752
45 10 535 63.9872
45 11 459 209.53
45 12 313 54.4868
45 13 636 82.9392
45 14 494 322.601
45 15 987 855.241
45 16 132 48.2794
45 17 142 74.1804
45 18 382 191.829
45 19 841 915.942
45 20 351 68.9984
45 21 505 55.8419
45 22 632 43.2865
45 23 636 43.0241
45 24 691 35.9346
45 25 396 56.3576
45 26 529 94.8048
45 27 454 130.121
45 28 592 771.315
45 29 102 27.4688
45 30 854 16.5004
45 31 386 38.2357
45 32 190 87.2118
45 33 637 161.524
45 34 231 837.601
45 35 409 78.0532
45 36 532 102.242
45 37 424 82.4662
45 38 50 358.003
45 39 154 48.0993
45 40 369 537.146
45 41 398 539.923
45 42 451 99.9045
45 43 497 68.7085
45 44 24 554.847
45 45 0 0
45 46 776 71.5406
45 47 257 15.5177
45 48 161 764.418
45 49 993 65.7878
45 50 677 106.411
45 51 507 80.1315
45 52 85 992.116
45 53 517 145.38
45 54 134 87.6605
45 55 996 537.665
45 56 668 282.713
45 57 113 105.566
45 58 193 45.7158
45 59 493 239.957
45 60 283 765.486
45 61 774 898.485
45 62 306 104.708
45 63 482 143.183
45 64 240 475.773
45 65 479 589.882
45 66 54 359.101
45 67 39 468.205
45 68 876 785.323
45 69 844 56.3485
45 70 578 78.6605
46 1 610 104.946
46 2 673 16.6256
46 3 294 78.2241
46 4 69 24.1148
46 5 228 18.2949
46 6 836 753.339
46 7 596 98.7143
46 8 449 22.5736
46 9 60 582.924
46 10 773 27.7557
46 11 444 891.71
46 12 759 954.853
46 13 787 406.069
46 14 221 685.314
46 15 253 590.737
46 16 692 671.794
46 17 7 15.2278
46 18 919 76.6829
46 19 284 262.51
46 20 319 66.3372
46 21 121 290.251
46 22 643 10.6561
46 23 820 61.268
46 24 445 987.081
46 25 721 957.111
46 26 199 68.2446
46 27 523 13.9033
46 28 975 65.5589
46 29 373 43.0332
46 30 591 332.52
46 31 738 485.661
46 32 74 429.05
46 33 333 61.1429
46 34 855 208.157
46 35 669 59.5376
46 36 295 640.634
46 37 897 19.9185
46 38 94 724.011
46 39 643 499.029
46 40 149 712.902
46 41 990 12.2889
46 42 453 689.83
46 43 711 860.49
46 44 356 62.6688
46 45 662 478.978
46 46 0 0
46 47 929 85.7836
46 48 303 42.6182
46 49 195 570.015
46 50 751 123.468
46 51 454 47.8948
46 52 612 49.7809
46 53 165 130.457
46 54 678 24.713
46 55 85 22.2227
46 56 179 26.6906
46 57 471 134.729
46 58 701 63.3891
46 59 103 160.67
46 60 955 81.0288
46 61 94 21.9388
46 62 754 297.545
46 63 786 807.449
46 64 479 384.706
46 65 303 956.135
46 66 497 73.1336
46 67 428 99.6542
46 68 997 990.041
46 69 191 895.8
46 70 420 33.6579
47 1 990 105.096
47 2 215 409.121
47 3 52 634.561
47 4 984 271.025
47 5 787 83.2658
47 6 137 58.3383
47 7 195 896.105
47 8 804 414.187
47 9 529 50.8063
47 10 148 813.095
47 11 716 17.355
47 12 397 79.9271
47 13 359 792.495
47 14 626 27.0507
47 15 492 86.5099
47 16 820 270.048
47 17 32 85.75
47 18 266 51.5326
47 19 322 50.6507
47 20 860 711.834
47 21 584 605.019
47 22 829 48.0474
47 23 244 14.5137
47 24 470 464.604
47 25 637 18.1698
47 26 530 70.7654
47 27 642 54.8286
47 28 391 697.857
47 29 608 28.7536
47 30 598 78.0898
47 31 395 460.362
47 32 915 75.1875
47 33 956 41.2326
47 34 631 79.7226
47 35 551 882.097
47 36 755 58.0972
47 37 453 81.3736
47 38 651 842.911
47 39 141 865.892
47 40 276 977.101
47 41 749 31.0761
47 42 3 57.4105
47 43 471 106.103
47 44 121 67.8967
47 45 516 766.554
47 46 205 98.1008
47 47 0 0
47 48 891 872.087
47 49 363 339.661
47 50 390 107.363
47 51 73 863.45
47 52 379 1004.96
47 53 719 50.5896
47 54 66 256.284
47 55 251 46.7748
47 56 784 109.374
47 57 897 247.495
47 58 424 473.118
47 59 859 75.276
47 60 218 36.2215
47 61 383 94.0876
47 62 939 13.5096
47 63 145 683.849
47 64 683 534.277
47 65 199 53.6323
47 66 528 16.2532
47 67 948 504.461
47 68 789 79.6188
47 69 325 94.3776
47 70 853 916.98
48 1 835 492.772
48 2 890 102.505
48 3 375 30.426
48 4 189 166.896
48 5 588 843.186
48 6 427 147.12
48 7 715 40.3079
48 8 59 78.6636
48 9 581 47.0739
48 10 19 103.948
48 11 123 44.7942
48 12 862 248.136
48 13 721 117.883
48 14 245 31.894
48 15 342 102.102
48 16 229 351.563
48 17 213 531.47
48 18 210 292.266
48 19 178 42.3435
48 20 603 645.762
48 21 402 29.5318
48 22 72 890.795
48 23 384 41.5561
48 24 685 193.111
48 25 197 66.6118
48 26 128 106.374
48 27 16 58.2528
48 28 418 882.311
48 29 725 103.316
48 30 592 60.383
48 31 798 919.452
48 32 178 60.2609
48 33 91 558.021
48 34 433 248.838
48 35 253 54.3648
48 36 394 74.3696
48 37 592 415.377
48 38 465 682.964
48 39 978 30.3436
48 40 686 96.4467
48 41 411 11.2604
48 42 131 28.1585
48 43 539 68.8061
48 44 864 52.4818
48 45 673 93.6726
48 46 733 573.585
48 47 801 505.132
48 48 0 0
48 49 545 34.1401
48 50 594 232.266
48 51 316 98.4213
48 52 314 78.1021
48 53 735 80.0034
48 54 904 34.8787
48 55 460 963.215
48 56 619 108.236
48 57 902 481.206
48 58 434 506.109
48 59 938 38.1198
48 60 38 627.664
48 61 978 828.445
48 62 258 196.865
48 63 997 95.8272
48 64 56 38.7881
48 65 179 607.034
48 66 11 77.4825
48 67 130 69.8804
48 68 62 39.4321
48 69 10 57.4563
48 70 206 757.185
49 1 752 89.5831
49 2 23 49.3078
49 3 580 498.052
49 4 630 720.623
49 5 852 52.906
49 6 980 70.448
49 7 684 91.3746
49 8 825 82.9057
49 9 342 77.0217
49 10 551 79.6371
49 11 207 44.3608
49 12 626 48.197
49 13 259 439.121
49 14 538 569.923
49 15 90 172.481
49 16 4 101.253
49 17 621 38.486
49 18 89 29.6875
49 19 438 528.876
49 20 425 143.457
49 21 80 655.344
49 22 865 546.79
49 23 432 394.136
49 24 811 470.494
49 25 494 57.8988
49 26 521 813.064
49 27 562 202.938
49 28 233 50.7117
49 29 174 56.2661
49 30 345 656.718
49 31 630 95.931
49 32 662 456.181
49 33 833 899.248
49 34 42 776.259
49 35 181 671.672
49 36 134 100.011
49 37 334 27.8655
49 38 278 242.887
49 39 787 19.1098
49 40 346 60.5417
49 41 318 346.467
49 42 57 33.9296
49 43 733 35.5715
49 44 661 453.739
49 45 34 212.918
49 46 472 59.1195
49 47 46 945.972
49 48 687 624.002
49 49 0 0
49 50 11 847.489
49 51 872 106.008
49 52 862 98.3572
49 53 553 77.9189
49 54 195 891.191
49 55 256 226.193
49 56 180 468.815
49 57 921 109.005
49 58 555 34.1707
49 59 467 70.1825
49 60 358 209.286
49 61 55 45.4411
49 62 357 954.456
49 63 808 77.2414
49 64 415 423.8
49 65 89 131.25
49 66 539 59.2996
49 67 3 109.854
49 68 257 405.795
49 69 868 64.7594
49 70 96 68.3483
50 1 193 69.0228
50 2 507 359.498
50 3 371 101.751
50 4 357 61.616
50 5 560 71.977
50 6 668 72.2608
50 7 404 48.1878
50 8 695 157.771
50 9 436 38.7057
50 10 385 349.549
50 11 600 997.762
50 12 0 82.8935
50 13 129 43.8084
50 14 68 38.8095
50 15 90 96.5413
50 16 450 56.9832
50 17 436 101.351
50 18 30 348.115
50 19 627 14.2848
50 20 332 188.442
50 21 172 455.784
50 22 855 53.1257
50 23 357 865.953
50 24 766 824.447
50 25 153 834.335
50 26 539 170.314
50 27 958 52.262
50 28 79 313.14
50 29 954 64.6648
50 30 296 617.196
50 31 430 160.884
50 32 258 55.2864
50 33 109 84.6483
50 34 589 18.7649
50 35 540 84.8222
50 36 605 329.437
50 37 681 21.4872
50 38 45 222.5
50 39 446 80.2078
50 40 898 96.2056
50 41 216 51.0169
50 42 301 19.8605
50 43 431 709.545
50 44 473 243.375
50 45 259 188.35
50 46 442 334.564
50 47 196 965.565
50 48 846 64.8814
50 49 557 177.455
50 50 0 0
50 51 662 82.396
50 52 401 101.757
50 53 728 487.371
50 54 764 22.7506
50 55 365 620.248
50 56 673 326.477
50 57 626 509.13
50 58 941 93.6604
50 59 212 537.329
50 60 637 13.1617
50 61 717 27.2002
50 62 719 74.8701
50 63 114 21.8809
50 64 775 749.067
50 65 237 35.2358
50 66 409 46.5703
50 67 417 31.0669
50 68 998 821.853
50 69 419 11.2665
50 70 519 792.983
51 1 686 80.0034
51 2 499 451.115
51 3 900 610.36
51 4 450 22.7903
51 5 392 354.737
51 6 68 456.425
51 7 233 88.1274
51 8 48 20.95
51 9 694 56.9069
51 10 152 754.316
51 11 519 921.802
51 12 163 89.8212
51 13 933 734.448
51 14 292 104.4
51 15 327 493.047
51 16 149 64.3535
51 17 224 46.3964
51 18 893 13.8575
51 19 456 91.3013
51 20 196 82.457
51 21 352 44.9498
51 22 71 670.939
51 23 92 118.097
51 24 433 42.3954
51 25 247 75.9963
51 26 204 97.2402
51 27 817 113.793
51 28 871 433.963
51 29 784 39.7555
51 30 856 105.383
51 31 610 11.8433
51 32 785 56.3668
51 33 209 76.5944
51 34 627 177.18
51 35 253 37.3629
51 36 12 30.365
51 37 364 625.741
51 38 440 966.633
51 39 62 969.288
51 40 750 551.49
51 41 490 47.8246
51 42 53 567.604
51 43 900 10.8698
51 44 262 917.041
51 45 801 864.03
51 46 11 58.3169
51 47 698 706.127
51 48 773 105.66
51 49 792 32.6386
51 50 24 95.5983
51 51 0 0
51 52 609 39.9966
51 53 869 88.4875
51 54 289 877.885
51 55 402 64.4145
51 56 133 37.6254
51 57 313 47.2936
51 58 559 876.146
51 59 679 74.2445
51 60 614 795.302
51 61 197 501.47
51 62 120 36.249
51 63 730 60.8133
51 64 503 925.616
51 65 966 787.795
51 66 949 69.7369
51 67 247 989.644
51 68 876 54.8988
51 69 932 215.512
51 70 863 95.5739
52 1 674 108.972
52 2 728 61.03
52 3 238 675.426
52 4 53 417.147
52 5 652 35.2602
52 6 21 955.83
52 7 789 97.6492
52 8 940 43.3262
52 9 310 937.519
52 10 89 87.3644
52 11 934 355.653
52 12 685 73.7654
52 13 659 23.361
52 14 573 560.371
52 15 842 605.447
52 16 222 739.606
52 17 513 997.274
52 18 143 1007.5
52 19 119 387.422
52 20 866 37.9
52 21 743 77.2018
52 22 74 83.1132
52 23 555 19.1311
52 24 35 42.6243
52 25 740 11.0834
52 26 805 449.253
52 27 95 137.445
52 28 337 897.57
52 29 199 519.049
52 30 290 359.803
52 31 706 362.031
52 32 411 425.082
52 33 170 43.6375
52 34 680 343.537
52 35 160 463.749
52 36 862 22.8513
52 37 820 227.75
52 38 748 495.519
52 39 74 380.373
52 40 356 599.312
52 41 910 710.522
52 42 731 62.8794
52 43 934 524.267
52 44 80 954.182
52 45 45 86.7785
52 46 363 98.403
52 47 921 25.3203
52 48 991 998.189
52 49 785 36.5816
52 50 483 84.9077
52 51 387 80.0491
52 52 0 0
52 53 312 44.666
52 54 829 21.5146
52 55 712 41.8613
52 56 739 12.8047
52 57 239 97.0235
52 58 975 783.095
52 59 506 58.0789
52 60 52 706.036
52 61 759 93.6146
52 62 369 927.325
52 63 542 865.739
52 64 456 152.949
52 65 703 15.0295
52 66 65 91.8751
52 67 814 494.39
52 68 475 670.146
52 69 727 54.3525
52 70 549 47.2723
53 1 6 56.5102
53 2 443 43.3842
53 3 235 265.074
53 4 802 267.088
53 5 73 941.089
53 6 926 546.424
53 7 639 49.8694
53 8 550 195.919
53 9 363 10.8698
53 10 843 195.003
53 11 612 20.3305
53 12 108 737.775
53 13 120 26.4556
53 14 732 58.6404
53 15 66 433.322
53 16 951 75.7186
53 17 174 53.437
53 18 4 397.31
53 19 622 81.1509
53 20 794 40.7993
53 21 742 18.7771
53 22 725 458.073
53 23 926 658.824
53 24 303 99.7549
53 25 585 60.267
53 26 765 369.264
53 27 539 934.345
53 28 462 39.0017
53 29 9 27.4505
53 30 457 829.483
53 31 407 25.9459
53 32 415 178.432
53 33 630 713.818
53 34 849 109.313
53 35 936 27.0019
53 36 178 93.285
53 37 242 116.235
53 38 837 277.312
53 39 819 26.01
53 40 895 356.812
53 41 559 38.843
53 42 272 62.6048
53 43 205 951.008
53 44 337 251.981
53 45 79 43.784
53 46 852 670.695
53 47 550 779.463
53 48 551 61.4634
53 49 636 351.716
53 50 301 63.6027
53 51 711 99.9075
53 52 526 627.328
53 53 0 0
53 54 170 474.095
53 55 850 22.9429
53 56 806 447.757
53 57 664 77.4093
53 58 667 58.2742
53 59 144 73.2038
53 60 663 616.22
53 61 737 73.4724
53 62 130 781.844
53 63 152 34.7902
53 64 222 999.99
53 65 651 597.115
53 66 441 198.543
53 67 172 95.5861
53 68 154 97.9879
53 69 503 706.432
53 70 351 43.6253
54 1 141 44.3455
54 2 101 39.3619
54 3 150 84.044
54 4 228 753.461
54 5 335 84.1325
54 6 370 783.4
54 7 600 718.67
54 8 528 40.2774
54 9 681 940.174
54 10 445 561.836
54 11 117 445.347
54 12 644 91.3227
54 13 975 132.41
54 14 209 28.1616
54 15 233 83.397
54 16 358 979.848
54 17 402 36.7281
54 18 855 32.1229
54 19 237 12.5636
54 20 635 654.368
54 21 34 608.376
54 22 691 81.2607
54 23 234 778.67
54 24 952 810.562
54 25 225 14.2879
54 26 748 65.4979
54 27 840 24.2094
54 28 170 98.8211
54 29 755 720.776
54 30 299 43.6436
54 31 976 74.5131
54 32 495 69.328
54 33 156 192.562
54 34 987 780.684
54 35 277 398.012
54 36 21 15.0295
54 37 18 824.997
54 38 507 37.9
54 39 994 15.9114
54 40 386 17.3794
54 41 4 88.2861
54 42 760 853.471
54 43 327 708.325
54 44 339 66.447
54 45 66 17.593
54 46 926 81.4255
54 47 253 732.159
54 48 625 131.372
54 49 742 26.9866
54 50 625 102.38
54 51 620 26.9866
54 52 401 502.111
54 53 803 68.9404
54 54 0 0
54 55 647 711.132
54 56 570 648.844
54 57 236 104.107
54 58 812 93.0714
54 59 121 48.0535
54 60 918 97.814
54 61 607 856.492
54 62 335 638.04
54 63 882 907.946
54 64 301 60.9201
54 65 915 96.9991
54 66 443 108.361
54 67 239 56.8947
54 68 356 94.2067
54 69 880 551.704
54 70 303 11.2421
55 1 496 552.558
55 2 350 266.05
55 3 21 615.457
55 4 149 58.8021
55 5 454 72.3585
55 6 911 21.3895
55 7 163 977.284
55 8 310 617.257
55 9 845 68.1988
55 10 658 77.7389
55 11 972 601.357
55 12 470 936.908
55 13 620 386.263
55 14 607 1004.11
55 15 246 28.6956
55 16 747 104.241
55 17 963 293.609
55 18 328 32.3518
55 19 957 13
55 20 433 38.3517
55 21 197 99.9075
55 22 710 47.1136
55 23 376 86.3329
55 24 881 968.922
55 25 823 42.8715
55 26 151 99.9747
55 27 139 61.8937
55 28 946 82.6798
55 29 407 182.369
55 30 586 196.285
55 31 885 216.732
55 32 567 98.0276
55 33 321 64.9944
55 34 772 303.374
55 35 250 322.479
55 36 524 106.194
55 37 814 787.703
55 38 253 33.5908
55 39 692 59.6841
55 40 602 218.319
55 41 822 191.036
55 42 718 736.31
55 43 614 30.8533
55 44 34 419.131
55 45 904 325.683
55 46 574 834.641
55 47 514 555.976
55 48 89 94.4569
55 49 176 11.2818
55 50 365 542.243
55 51 540 16.0366
55 52 848 329.926
55 53 160 54.9171
55 54 391 82.8294
55 55 0 0
55 56 470 109.493
55 57 983 43.5948
55 58 218 89.9524
55 59 932 55.9059
55 60 374 923.175
55 61 617 27.3589
55 62 69 581.123
55 63 751 45.7372
55 64 949 79.0603
55 65 882 34.6345
55 66 606 723.584
55 67 333 29.6173
55 68 105 775.954
55 69 312 449.222
55 70 154 107.507
56 1 87 310.272
56 2 30 506.078
56 3 768 662.333
56 4 657 466.496
56 5 515 36.9173
56 6 984 105.813
56 7 658 278.685
56 8 565 395.357
56 9 479 64.2039
56 10 380 14.2573
56 11 982 774.397
56 12 532 58.912
56 13 968 70.5762
56 14 393 191.249
56 15 664 190.151
56 16 682 285.735
56 17 793 597.97
56 18 409 563.758
56 19 697 77.3055
56 20 267 897.173
56 21 94 96.0775
56 22 740 21.5909
56 23 952 96.6787
56 24 824 271.666
56 25 291 546.607
56 26 511 39.4839
56 27 480 31.9886
56 28 919 92.1741
56 29 608 12.0905
56 30 833 79.3167
56 31 242 23.01
56 32 505 291.075
56 33 39 44.7911
56 34 648 657.023
56 35 558 109.374
56 36 254 76.4632
56 37 561 778.426
56 38 498 108.141
56 39 645 948.963
56 40 716 23.4892
56 41 941 65.8214
56 42 389 816.421
56 43 275 55.1674
56 44 152 81.9047
56 45 465 526.099
56 46 603 708.172
56 47 266 71.2751
56 48 460 539.893
56 49 797 129.907
56 50 848 118.463
56 51 473 175.166
56 52 346 67.4877
56 53 517 819.687
56 54 647 356.66
56 55 526 140.253
56 56 0 0
56 57 760 84.6666
56 58 231 46.6375
56 59 149 987.233
56 60 57 29.1168
56 61 933 99.1446
56 62 141 95.522
56 63 899 107.766
56 64 123 66.3128
56 65 994 103.265
56 66 85 20.1871
56 67 618 509.313
56 68 421 66.8224
56 69 693 1001.73
56 70 638 181.27
57 1 251 67.6037
57 2 309 73.451
57 3 723 30.0812
57 4 461 91.6309
57 5 381 72.3341
57 6 206 947.437
57 7 261 21.5482
57 8 920 376.527
57 9 10 82.6646
57 10 118 412.6
57 11 212 36.896
57 12 938 12.5025
57 13 508 108.413
57 14 757 38.8705
57 15 7 261.991
57 16 888 51.8714
57 17 180 108.114
57 18 460 16.9308
57 19 293 445.041
57 20 250 83.3848
57 21 268 361.756
57 22 468 93.1935
57 23 494 641.855
57 24 285 827.927
57 25 983 75.92
57 26 304 101.385
57 27 703 572.67
57 28 319 12.8687
57 29 77 716.046
57 30 733 1002.74
57 31 695 40.2744
57 32 804 497.197
57 33 787 205.807
57 34 344 361.176
57 35 979 50.2966
57 36 593 89.0613
57 37 563 945.545
57 38 15 63.386
57 39 561 59.7513
57 40 902 301.604
57 41 600 932.788
57 42 228 21.5848
57 43 219 466.648
57 44 408 545.478
57 45 172 26.1779
57 46 855 90.1233
57 47 370 724.194
57 48 327 42.4747
57 49 110 65.1286
57 50 418 580.391
57 51 558 651.987
57 52 612 388.948
57 53 878 78.8711
57 54 730 19.4943
57 55 92 107.205
57 56 287 15.9236
57 57 0 0
57 58 212 103.387
57 59 452 148.981
57 60 807 68.7939
57 61 191 22.6164
57 62 761 586.556
57 63 798 26.541
57 64 618 789.138
57 65 778 109.915
57 66 171 460.941
57 67 919 96.6115
57 68 437 65.1866
57 69 79 496.801
57 70 207 94.1365
58 1 32 844.529
58 2 94 100.457
58 3 946 467.045
58 4 642 32.5837
58 5 148 19.9918
58 6 482 972.767
58 7 448 51.4716
58 8 529 289
58 9 533 751.539
58 10 36 26.3396
58 11 458 466.801
58 12 723 755.415
58 13 912 40.1218
58 14 789 598.977
58 15 470 582.924
58 16 515 101.458
58 17 323 31.4393
58 18 853 48.1481
58 19 971 770.582
58 20 394 25.3935
58 21 542 107.668
58 22 666 43.14
58 23 36 102.337
58 24 701 17.6388
58 25 311 36.5786
58 26 999 74.3239
58 27 857 12.1241
58 28 379 117.669
58 29 818 83.7602
58 30 767 74.1346
58 31 482 451.725
58 32 418 105.431
58 33 583 81.4133
58 34 74 62.5925
58 35 324 69.8773
58 36 555 312.591
58 37 509 58.3505
58 38 559 66.3402
58 39 952 105.743
58 40 795 639.444
58 41 488 52.967
58 42 939 217.739
58 43 946 36.7891
58 44 219 50.7941
58 45 462 81.0807
58 46 401 413.638
58 47 327 21.829
58 48 851 622.11
58 49 887 80.5679
58 50 315 174.953
58 51 594 23.4526
58 52 394 92.7998
58 53 325 956.135
58 54 272 32.3395
58 55 543 58.0544
58 56 834 837.418
58 57 969 764.54
58 58 0 0
58 59 479 53.3943
58 60 0 909.106
58 61 834 98.6868
58 62 832 40.5277
58 63 203 762.22
58 64 247 82.3502
58 65 436 118.676
58 66 157 338.715
58 67 359 851.792
58 68 581 338.44
58 69 273 859.422
58 70 720 27.6489
59 1 268 104.104
59 2 171 999.502
59 3 17 173.03
59 4 343 56.6964
59 5 729 871.69
59 6 118 629.16
59 7 551 549.659
59 8 899 12.9298
59 9 139 21.9938
59 10 807 358.796
59 11 389 30.3558
59 12 990 46.5398
59 13 653 103.356
59 14 218 435.031
59 15 916 72.0808
59 16 866 44.7942
59 17 33 806.319
59 18 55 399.294
59 19 623 20.7639
59 20 92 47.3547
59 21 872 46.8725
59 22 743 10.9308
59 23 481 57.2823
59 24 834 78.9993
59 25 0 97.1517
59 26 176 941.455
59 27 260 104.827
59 28 171 21.5513
59 29 212 58.207
59 30 228 532.172
59 31 412 915.972
59 32 501 880.052
59 33 216 78.4225
59 34 470 878.13
59 35 611 496.038
59 36 652 746.015
59 37 156 555.793
59 38 878 412.844
59 39 583 307.464
59 40 369 278.258
59 41 769 688.091
59 42 654 22.9368
59 43 697 44.5775
59 44 895 37.1432
59 45 218 107.064
59 46 574 100.722
59 47 719 45.3404
59 48 77 36.3833
59 49 222 704.937
59 50 964 87.2423
59 51 133 95.1497
59 52 696 24.6062
59 53 404 81.3828
59 54 519 769.911
59 55 407 59.5163
59 56 9 803.847
59 57 901 99.2605
59 58 956 29.6234
59 59 0 0
59 60 27 43.7535
59 61 198 803.085
59 62 768 39.7159
59 63 281 941.913
59 64 37 881.426
59 65 652 13.6561
59 66 498 38.782
59 67 107 491.735
59 68 827 96.0866
59 69 893 50.0616
59 70 614 18.6978
60 1 563 64.2619
60 2 930 109.469
60 3 94 32.0344
60 4 84 934.497
60 5 733 866.349
60 6 712 216.275
60 7 795 792.952
60 8 468 360.2
60 9 195 897.478
60 10 476 13.0824
60 11 110 65.6902
60 12 61 76.6311
60 13 86 293.944
60 14 795 659.464
60 15 725 386.537
60 16 169 67.1978
60 17 102 69.0045
60 18 221 557.105
60 19 83 40.018
60 20 980 71.4978
60 21 396 189.724
60 22 936 75.6117
60 23 513 46.1126
60 24 341 553.657
60 25 493 889.604
60 26 196 311.218
60 27 981 939.777
60 28 772 162.989
60 29 921 260.038
60 30 742 216.183
60 31 243 100.585
60 32 669 81.8497
60 33 12 1003.29
60 34 657 20.0742
60 35 75 469.578
60 36 364 621.835
60 37 795 55.7137
60 38 666 753.248
60 39 274 64.0269
60 40 34 201.809
60 41 51 80.3452
60 42 74 713.421
60 43 965 97.1426
60 44 103 66.4653
60 45 822 20.9195
60 46 338 758.436
60 47 818 75.0624
60 48 673 40.6711
60 49 702 107.024
60 50 211 186.214
60 51 328 683.605
60 52 28 84.4499
60 53 887 85.0145
60 54 556 949.94
60 55 850 20.065
60 56 882 98.4396
60 57 887 81.8589
60 58 384 100.704
60 59 912 594.49
60 60 0 0
60 61 949 597.115
60 62 640 133.905
60 63 735 19.7018
60 64 270 988.027
60 65 299 17.9653
60 66 337 84.0867
60 67 275 34.1371
60 68 87 44.1136
60 69 682 49.903
60 70 409 49.0515
61 1 158 519.445
61 2 148 56.5072
61 3 188 871.446
61 4 685 82.4052
61 5 154 754.194
61 6 417 642.893
61 7 389 160.426
61 8 227 974.782
61 9 858 15.1424
61 10 545 93.5261
61 11 594 21.8168
61 12 495 412.112
61 13 880 18.6367
61 14 330 169.917
61 15 397 903.185
61 16 709 70.6494
61 17 518 98.11
61 18 803 67.3931
61 19 751 48.844
61 20 151 843.369
61 21 81 65.6749
61 22 108 826.919
61 23 965 90.3797
61 24 113 595.559
61 25 83 774.55
61 26 774 72.4683
61 27 583 226.132
61 28 851 812.789
61 29 513 208.584
61 30 292 10.1526
61 31 668 861.314
61 32 30 656.474
61 33 853 35.1473
61 34 393 770.247
61 35 610 23.123
61 36 537 44.9437
61 37 500 67.1429
61 38 91 14.8128
61 39 749 19.0426
61 40 173 108.361
61 41 978 21.7801
61 42 96 88.6462
61 43 486 265.165
61 44 464 51.8683
61 45 181 147.7
61 46 751 88.634
61 47 927 67.9394
61 48 30 12.9725
61 49 519 92.7998
61 50 962 634.5
61 51 180 63.1144
61 52 318 649.698
61 53 449 284.575
61 54 82 234.464
61 55 548 102.288
61 56 539 74.8427
61 57 365 106.164
61 58 178 23.4678
61 59 776 67.9852
61 60 369 237.577
61 61 0 0
61 62 850 920.611
61 63 88 45.847
61 64 676 450.077
61 65 770 756.269
61 66 782 476.933
61 67 144 919.879
61 68 388 27.9754
61 69 856 11.0956
61 70 647 88.7439
62 1 619 115.167
62 2 273 967.671
62 3 957 38.9102
62 4 995 173.121
62 5 432 91.0297
62 6 772 47.2662
62 7 561 594.155
62 8 817 356.538
62 9 265 371.064
62 10 554 32.7668
62 11 835 23.1626
62 12 623 795.302
62 13 312 387.026
62 14 577 204.098
62 15 851 68.4582
62 16 630 250.913
62 17 890 195.827
62 18 914 980.55
62 19 6 867.143
62 20 987 645.67
62 21 372 88.0663
62 22 544 12.8932
62 23 979 19.5096
62 24 911 481.908
62 25 188 21.0935
62 26 848 553.046
62 27 557 752.332
62 28 274 677.501
62 29 235 689.342
62 30 714 69.1662
62 31 857 27.13
62 32 348 160.761
62 33 713 583.321
62 34 607 241.33
62 35 690 94.7316
62 36 964 15.9236
62 37 369 750.806
62 38 588 63.1938
62 39 938 59.4003
62 40 637 98.5495
62 41 390 483.83
62 42 630 26.8798
62 43 531 33.0323
62 44 957 423.862
62 45 532 33.7617
62 46 990 76.5181
62 47 182 156.336
62 48 448 89.2444
62 49 132 96.0897
62 50 839 97.9116
62 51 187 38.7637
62 52 957 592.934
62 53 170 40.6192
62 54 190 92.7845
62 55 737 526.434
62 56 72 143.213
62 57 384 749.189
62 58 122 454.136
62 59 208 31.8421
62 60 256 21.5848
62 61 192 21.5299
62 62 0 0
62 63 724 367.921
62 64 260 334.381
62 65 802 586.22
62 66 629 13.0824
62 67 353 306.976
62 68 372 71.446
62 69 78 344.208
62 70 954 872.178
63 1 406 210.568
63 2 556 87.4895
63 3 8 93.3766
63 4 655 59.5407
63 5 371 649.882
63 6 111 185.115
63 7 18 40.8542
63 8 696 903.49
63 9 340 73.8447
63 10 551 93.4498
63 11 248 52.2071
63 12 487 200.802
63 13 587 58.7228
63 14 641 557.166
63 15 884 89.4183
63 16 85 961.628
63 17 658 657.145
63 18 436 73.39
63 19 156 40.1523
63 20 244 60.4624
63 21 689 43.3506
63 22 658 38.956
63 23 257 105.734
63 24 704 555.671
63 25 195 97.5759
63 26 522 1005.3
63 27 425 23.48
63 28 702 736.279
63 29 974 54.6303
63 30 892 973.439
63 31 824 182.369
63 32 629 457.554
63 33 410 35.2327
63 34 574 94.8109
63 35 747 52.5398
63 36 203 587.898
63 37 481 88.4204
63 38 685 356.66
63 39 365 619.638
63 40 106 323.089
63 41 489 224.24
63 42 167 199.764
63 43 749 788.985
63 44 645 908.007
63 45 215 63.9781
63 46 816 87.4102
63 47 672 88.1884
63 48 485 438.114
63 49 300 66.3799
63 50 371 631.082
63 51 203 64.0086
63 52 184 460.026
63 53 764 317.627
63 54 963 612.008
63 55 637 1003.35
63 56 619 67.9516
63 57 773 104.867
63 58 834 84.0471
63 59 315 63.8652
63 60 278 95.5922
63 61 885 887.346
63 62 953 808.242
63 63 0 0
63 64 827 424.258
63 65 296 61.4237
63 66 352 106.722
63 67 656 122.949
63 68 349 562.843
63 69 420 75.4683
63 70 689 661.296
64 1 487 75.685
64 2 623 87.987
64 3 228 84.6269
64 4 942 99.9167
64 5 205 794.265
64 6 961 76.8569
64 7 908 58.6129
64 8 337 78.7857
64 9 977 73.8081
64 10 592 724.682
64 11 273 440.799
64 12 108 16.0976
64 13 807 692.821
64 14 471 66.8316
64 15 859 49.9335
64 16 821 379.182
64 17 764 43.3171
64 18 587 691.753
64 19 16 20.7242
64 20 283 88.6309
64 21 124 157.526
64 22 318 81.6941
64 23 547 296.264
64 24 832 704.327
64 25 683 65.4155
64 26 239 566.749
64 27 484 60.9507
64 28 464 13.1495
64 29 971 589.821
64 30 63 36.3344
64 31 304 54.0352
64 32 745 207.027
64 33 869 558.723
64 34 551 837.448
64 35 451 733.991
64 36 308 70.6037
64 37 346 32.1137
64 38 337 62.5224
64 39 589 34.012
64 40 754 498.876
64 41 811 44.0098
64 42 981 427.615
64 43 443 945.972
64 44 715 38.0465
64 45 814 15.5177
64 46 430 272.032
64 47 542 105.782
64 48 659 437.107
64 49 124 201.87
64 50 363 23.6479
64 51 369 40.0485
64 52 422 14.6999
64 53 825 93.5383
64 54 498 76.3778
64 55 710 79.2923
64 56 510 917.773
64 57 795 207.79
64 58 347 762.922
64 59 721 103.869
64 60 82 547.767
64 61 885 247.068
64 62 585 520.758
64 63 864 53.0738
64 64 0 0
64 65 658 38.3425
64 66 533 109.673
64 67 438 79.4449
64 68 330 68.4735
64 69 137 75.4012
64 70 773 23.4983
65 1 479 14.8769
65 2 80 236.112
65 3 131 50.6415
65 4 822 71.2323
65 5 310 47.1807
65 6 449 30.1178
65 7 927 86.0674
65 8 363 10.5524
65 9 232 663.157
65 10 49 61.1917
65 11 798 39.6579
65 12 691 51.8043
65 13 591 22.7873
65 14 76 71.214
65 15 828 636.057
65 16 640 464.176
65 17 832 600.442
65 18 350 63.2609
65 19 479 444.4
65 20 120 32.6936
65 21 735 822.037
65 22 926 83.7144
65 23 183 994.741
65 24 577 877.702
65 25 58 50.5164
65 26 420 100.298
65 27 765 77.8823
65 28 841 60.6394
65 29 476 989.339
65 30 880 94.3318
65 31 855 778.334
65 32 406 201.565
65 33 43 941.486
65 34 548 301.543
65 35 850 91.0389
65 36 171 81.8162
65 37 812 81.4774
65 38 212 86.5282
65 39 193 106.078
65 40 763 93.2484
65 41 14 939.96
65 42 436 239.347
65 43 550 709.057
65 44 466 88.2983
65 45 725 92.4
65 46 2 87.633
65 47 15 88.7683
65 48 937 695.324
65 49 48 44.9254
65 50 757 53.3973
65 51 483 19.7201
65 52 610 680.644
65 53 356 209.713
65 54 949 594.368
65 55 917 287.474
65 56 652 38.5867
65 57 843 31.2928
65 58 140 925.372
65 59 352 15.7741
65 60 737 124.658
65 61 384 946.735
65 62 276 463.169
65 63 60 18.066
65 64 669 18.7924
65 65 0 0
65 66 828 23.1016
65 67 243 16.5035
65 68 89 107.69
65 69 369 55.2284
65 70 855 250.15
66 1 44 54.8317
66 2 833 83.6473
66 3 224 96.578
66 4 359 446.872
66 5 679 15.9084
66 6 251 36.2154
66 7 104 599.129
66 8 285 92.8272
66 9 634 818.405
66 10 598 29.7668
66 11 429 34.1432
66 12 89 958.759
66 13 369 34.4575
66 14 362 635.477
66 15 337 18.9175
66 16 226 13.7782
66 17 564 54.1053
66 18 77 737.256
66 19 992 347.046
66 20 515 366.7
66 21 663 40.7535
66 22 805 11.0376
66 23 283 399.63
66 24 251 57.7462
66 25 623 554.115
66 26 226 22.8849
66 27 955 65.2293
66 28 387 244.138
66 29 723 105.654
66 30 46 18.829
66 31 48 150.629
66 32 870 407.931
66 33 416 361.604
66 34 112 612.222
66 35 761 56.6567
66 36 604 77.4673
66 37 689 741.407
66 38 261 61.9883
66 39 77 680.217
66 40 160 878.221
66 41 694 10.5005
66 42 440 233.64
66 43 954 876.451
66 44 579 65.3728
66 45 99 103.67
66 46 444 664.683
66 47 262 67.4145
66 48 960 20.4343
66 49 476 559.12
66 50 864 15.1576
66 51 212 99.8007
66 52 867 51.5296
66 53 15 710.339
66 54 458 109.576
66 55 665 440.647
66 56 460 178.737
66 57 721 15.3346
66 58 0 866.96
66 59 391 354.218
66 60 184 108.373
66 61 325 167.201
66 62 947 243.222
66 63 192 650.4
66 64 657 304.321
66 65 34 867.784
66 66 0 0
66 67 396 57.8622
66 68 126 37.131
66 69 229 40.0333
66 70 995 85.7744
67 1 964 922.412
67 2 282 401.278
67 3 533 843.766
67 4 293 954.06
67 5 439 813.98
67 6 467 43.5459
67 7 360 58.5183
67 8 475 711.529
67 9 313 736.585
67 10 160 84.8314
67 11 7 93.3705
67 12 853 53.1776
67 13 580 47.4279
67 14 433 886.644
67 15 138 22.3814
67 16 994 505.865
67 17 977 53.5194
67 18 418 878.313
67 19 299 33.3924
67 20 530 209.438
67 21 901 71.5314
67 22 913 264.433
67 23 202 288.939
67 24 697 649.454
67 25 271 416.568
67 26 442 43.9976
67 27 82 701.763
67 28 992 640.543
67 29 231 79.2587
67 30 272 981.16
67 31 233 22.7079
67 32 206 53.0799
67 33 0 796.157
67 34 966 658.549
67 35 957 13.1007
67 36 6 58.4634
67 37 506 1002.07
67 38 45 464.909
67 39 253 230.496
67 40 33 100.21
67 41 882 38.9163
67 42 464 86.574
67 43 879 41.6385
67 44 23 903.49
67 45 243 32.5349
67 46 742 31.2195
67 47 17 383.669
67 48 945 887.499
67 49 513 628.915
67 50 503 874.528
67 51 586 65.269
67 52 938 492.131
67 53 91 170.527
67 54 354 20.5014
67 55 337 27.5176
67 56 335 166.896
67 57 289 519.476
67 58 485 169.062
67 59 70 18.9114
67 60 83 71.504
67 61 800 987.325
67 62 190 763.349
67 63 297 134.393
67 64 167 92.461
67 65 338 403.78
67 66 193 96.9503
67 67 0 0
67 68 816 177.699
67 69 570 777.144
67 70 353 34.7627
68 1 114 72.4104
68 2 765 49.3139
68 3 389 692.699
68 4 549 706.707
68 5 957 41.1716
68 6 223 309.265
68 7 705 11.9837
68 8 972 551.093
68 9 731 885.118
68 10 711 222.409
68 11 524 819.778
68 12 778 762.739
68 13 695 21.2369
68 14 735 670.878
68 15 296 78.2394
68 16 673 75.5477
68 17 353 759.199
68 18 471 98.4182
68 19 206 34.4514
68 20 299 359.223
68 21 201 558.601
68 22 920 330.811
68 23 259 13.7568
68 24 926 57.2182
68 25 840 869.89
68 26 316 51.8043
68 27 345 804.336
68 28 128 99.4314
68 29 219 11.2848
68 30 557 70.7898
68 31 649 31.3202
68 32 636 446.659
68 33 761 12.6887
68 34 150 89.2962
68 35 238 978.871
68 36 971 219.632
68 37 311 70.2863
68 38 983 195.43
68 39 84 187.923
68 40 294 76.3991
68 41 264 96.7092
68 42 574 94.3928
68 43 698 13.8545
68 44 972 104.873
68 45 122 93.6268
68 46 762 760.633
68 47 350 96.2514
68 48 855 76.9179
68 49 286 17.1505
68 50 697 783.827
68 51 663 228.451
68 52 852 73.9546
68 53 55 59.0768
68 54 989 368.592
68 55 936 50.5713
68 56 843 732.831
68 57 918 818.069
68 58 635 38.9956
68 59 443 986.501
68 60 388 45.2824
68 61 117 578.651
68 62 997 381.807
68 63 602 62.5712
68 64 419 841.416
68 65 114 258.482
68 66 344 375.947
68 67 517 477.391
68 68 0 0
68 69 597 1004.78
68 70 782 396.883
69 1 936 44.1807
69 2 809 25.8391
69 3 379 44.2845
69 4 870 231.076
69 5 939 72.8315
69 6 981 19.1006
69 7 87 235.135
69 8 336 801.803
69 9 748 77.0339
69 10 306 46.5947
69 11 21 27.7038
69 12 497 997.762
69 13 330 46.8236
69 14 67 27.6092
69 15 60 10.2441
69 16 862 59.8947
69 17 776 519.72
69 18 689 518.286
69 19 190 78.1173
69 20 393 24.6458
69 21 117 188.381
69 22 780 88.8812
69 23 84 750.837
69 24 846 65.8092
69 25 247 145.99
69 26 183 78.8803
69 27 638 21.0263
69 28 502 75.862
69 29 500 31.4423
69 30 10 676.311
69 31 433 135.065
69 32 283 104.29
69 33 458 571.144
69 34 382 473.088
69 35 338 742.719
69 36 420 10.1343
69 37 128 18.1912
69 38 195 37.5399
69 39 371 60.6638
69 40 706 36.5786
69 41 141 934.68
69 42 997 827.53
69 43 427 66.0625
69 44 835 54.4899
69 45 591 44.7911
69 46 856 109.612
69 47 755 105.749
69 48 95 71.7878
69 49 535 827.927
69 50 256 425.357
69 51 479 80.5374
69 52 433 55.4909
69 53 3 77.7847
69 54 453 53.0219
69 55 514 103.6
69 56 719 543.708
69 57 324 243.192
69 58 606 106.786
69 59 637 368.013
69 60 292 229.855
69 61 986 69.6973
69 62 813 93.4925
69 63 209 67.9821
69 64 309 91.1792
69 65 524 23.8066
69 66 539 83.0308
69 67 387 49.4848
69 68 682 313.293
69 69 0 0
69 70 141 97.7377
70 1 709 691.417
70 2 632 633.951
70 3 255 86.3878
70 4 684 77.449
70 5 486 22.3173
70 6 505 70.7776
70 7 651 431.247
70 8 227 64.9516
70 9 246 348.45
70 10 329 104.36
70 11 808 52.3414
70 12 658 108.312
70 13 603 488.225
70 14 398 65.9832
70 15 244 44.4523
70 16 53 549.018
70 17 102 891.008
70 18 460 732.221
70 19 702 67.918
70 20 235 662.425
70 21 16 100.948
70 22 936 75.5843
70 23 820 936.206
70 24 617 102.834
70 25 798 33.7434
70 26 676 254.453
70 27 476 24.3284
70 28 943 89.3085
70 29 946 40.9458
70 30 382 306.793
70 31 233 35.367
70 32 193 94.3501
70 33 203 189.815
70 34 398 41.4158
70 35 592 582.985
70 36 490 83.693
70 37 999 57.0229
70 38 328 522.589
70 39 266 936.328
70 40 660 975.911
70 41 303 654.215
70 42 198 307.22
70 43 179 12.2797
70 44 370 46.1492
70 45 555 339.447
70 46 275 51.5174
70 47 468 55.7625
70 48 706 678.905
70 49 679 912.585
70 50 268 799.758
70 51 582 40.9519
70 52 661 13.8942
70 53 485 44.1563
70 54 391 140.222
70 55 927 90.2698
70 56 426 789.565
70 57 916 16.4577
70 58 913 920.825
70 59 289 12.0447
70 60 819 31.0456
70 61 657 107.375
70 62 355 91.2311
70 63 384 11.0376
70 64 485 975.453
70 65 437 432.742
70 66 525 32.0588
70 67 979 73.6189
70 68 502 68.5406
70 69 454 337.128
70 70 0 0
106
185
423
271
28
483
30
454
441
97
452
482
35
126
446
4
283
352
459
139
57
436
430
319
78
299
486
320
328
144
155
283
8
483
235
133
233
83
7
28
41
157
42
250
440
245
230
143
71
28
114
152
181
430
196
268
319
397
192
276
454
70
397
371
15
168
391
448
294
193
