21
0.5
1 1 0 0
1 2 3753 671.623
1 3 9514 495.532
1 4 7145 729.013
1 5 3138 68.929
1 6 7351 68.4494
1 7 5794 55.2157
1 8 4828 225.646
1 9 7789 732.121
1 10 5406 96.6299
1 11 2355 907.028
1 12 2956 77.3883
1 13 1814 69.8896
1 14 6571 20.1418
1 15 4719 98.2594
1 16 133 82.9337
1 17 4161 37.7898
1 18 6171 34.6285
1 19 3934 303.605
1 20 9809 134.566
1 21 2209 55.1522
2 1 8524 18.2112
2 2 0 0
2 3 4858 83.6153
2 4 8702 29.3851
2 5 1252 16.5865
2 6 466 762.199
2 7 1526 24.8539
2 8 9416 857.63
2 9 3213 851.069
2 10 6452 25.4757
2 11 3596 83.6201
2 12 7076 655.166
2 13 4294 553.276
2 14 7468 926.06
2 15 3743 58.2533
2 16 2609 93.1984
2 17 1418 64.8908
2 18 8668 95.4609
2 19 9187 75.729
2 20 765 996.515
2 21 1511 103.944
3 1 7430 423.083
3 2 7829 18.1337
3 3 0 0
3 4 4522 64.3095
3 5 6786 909.774
3 6 2986 13.397
3 7 3257 685.019
3 8 4463 110.819
3 9 2776 65.7655
3 10 2130 43.9133
3 11 5040 579.818
3 12 7362 711.231
3 13 325 91.5484
3 14 8787 74.8731
3 15 4156 32.0357
3 16 1331 69.6226
3 17 779 538.538
3 18 3082 26.583
3 19 4954 45.5732
3 20 2310 103.931
3 21 1604 81.3314
4 1 2784 58.7985
4 2 2925 93.4442
4 3 9025 75.3977
4 4 0 0
4 5 5849 872.652
4 6 6196 104.3
4 7 6322 82.6999
4 8 3999 773.564
4 9 1543 23.8154
4 10 7198 518.057
4 11 9024 869.791
4 12 1237 23.2791
4 13 1267 750.14
4 14 6943 773.176
4 15 2787 754.993
4 16 8290 68.5365
4 17 86 41.8263
4 18 7784 71.8705
4 19 8551 597.51
4 20 8811 88.2332
4 21 3399 552.304
5 1 4650 447.245
5 2 6278 178.385
5 3 1313 561.209
5 4 2190 244.447
5 5 0 0
5 6 9417 53.8457
5 7 4325 85.9465
5 8 4045 82.601
5 9 5308 513.919
5 10 5771 54.8927
5 11 1393 510.347
5 12 130 739.51
5 13 4767 72.4403
5 14 4581 11.9466
5 15 2244 578.677
5 16 2663 144.688
5 17 5682 76.0496
5 18 3974 883.1
5 19 7892 546.065
5 20 8979 797.543
5 21 785 23.5593
6 1 8686 450.005
6 2 3919 843.57
6 3 455 15.6429
6 4 8885 881.756
6 5 8349 12.4545
6 6 0 0
6 7 7136 110.162
6 8 8038 426.869
6 9 2487 603.373
6 10 5387 31.7181
6 11 8252 17.0627
6 12 4483 79.6014
6 13 2376 63.0588
6 14 915 752.734
6 15 1413 893.662
6 16 2413 28.7817
6 17 6979 103.657
6 18 2142 46.0648
6 19 8299 81.4798
6 20 8054 76.0028
6 21 6234 655.264
7 1 1528 27.0853
7 2 6771 976.306
7 3 6729 75.6026
7 4 5985 35.9477
7 5 3134 355.337
7 6 840 14.8293
7 7 0 0
7 8 4785 12.8841
7 9 8943 26.0083
7 10 7560 107.808
7 11 9614 280.379
7 12 8595 182.571
7 13 485 22.466
7 14 4613 106.022
7 15 8729 745.673
7 16 8071 42.278
7 17 7340 84.6085
7 18 7320 20.575
7 19 8755 91.8645
7 20 7779 488.141
7 21 2483 40.1421
8 1 7473 369.111
8 2 7230 44.7226
8 3 484 89.6353
8 4 8150 459.228
8 5 4346 28.9513
8 6 5132 215.023
8 7 3840 599.415
8 8 0 0
8 9 5316 80.3339
8 10 5157 36.1591
8 11 4120 934.2
8 12 4792 43.6431
8 13 8701 76.9135
8 14 8971 898.62
8 15 8683 660.911
8 16 3822 31.5486
8 17 226 937.68
8 18 8735 93.5786
8 19 4134 978.647
8 20 5367 58.6343
8 21 2697 376.957
9 1 2090 890.868
9 2 5790 30.0646
9 3 634 460.953
9 4 7587 69.2006
9 5 5378 45.9478
9 6 8430 86.1491
9 7 435 498.105
9 8 8714 711.096
9 9 0 0
9 10 5669 63.3766
9 11 5431 474.256
9 12 6837 89.3987
9 13 3710 98.207
9 14 6930 17.5729
9 15 3333 27.1319
9 16 7422 71.8068
9 17 3542 70.5488
9 18 3177 43.8602
9 19 168 416.825
9 20 2535 61.3497
9 21 9083 930.208
10 1 6636 65.1159
10 2 3634 752.78
10 3 1483 174.207
10 4 2801 714.059
10 5 2625 23.2476
10 6 4777 317.258
10 7 5836 523.771
10 8 888 478.573
10 9 7717 24.0309
10 10 0 0
10 11 4394 25.3233
10 12 3615 56.0573
10 13 3823 45.6926
10 14 808 915.029
10 15 5206 565.834
10 16 955 911.346
10 17 730 311.044
10 18 8369 93.1077
10 19 7957 107.955
10 20 8206 54.7556
10 21 1139 778.864
11 1 5834 50.773
11 2 1832 25.814
11 3 2845 912.165
11 4 5802 81.5533
11 5 389 86.9564
11 6 4028 692.326
11 7 261 69.3057
11 8 8617 249.106
11 9 9266 72.8552
11 10 1094 84.114
11 11 0 0
11 12 5889 59.7078
11 13 7583 54.7526
11 14 8868 43.5264
11 15 1225 42.4499
11 16 3809 129.29
11 17 2893 83.2885
11 18 5959 57.2541
11 19 8842 95.2031
11 20 6079 43.9927
11 21 8091 86.539
12 1 9273 17.7189
12 2 3240 812.451
12 3 166 70.925
12 4 3564 50.2617
12 5 2288 83.8383
12 6 7293 527.897
12 7 8365 14.2202
12 8 1169 24.2374
12 9 6367 89.7963
12 10 5813 55.6524
12 11 6998 896.92
12 12 0 0
12 13 2108 506.882
12 14 2976 54.4549
12 15 8798 73.2087
12 16 8080 785.027
12 17 1212 74.2935
12 18 2222 101.814
12 19 4074 75.9934
12 20 5386 117.438
12 21 5424 98.9197
13 1 7986 84.6353
13 2 6257 27.5982
13 3 524 72.5612
13 4 6008 53.0507
13 5 3934 101.517
13 6 4464 208.88
13 7 490 24.5336
13 8 677 93.4667
13 9 1161 521.313
13 10 7079 48.4398
13 11 169 540.461
13 12 9705 12.6691
13 13 0 0
13 14 7983 77.5539
13 15 2465 96.2552
13 16 5771 671.456
13 17 7485 23.9524
13 18 7604 13.8358
13 19 8141 410.159
13 20 9321 377.3
13 21 4809 83.7747
14 1 3121 106.802
14 2 7608 104.504
14 3 6730 26.5696
14 4 760 17.4528
14 5 3904 313.627
14 6 1537 72.8019
14 7 1225 79.064
14 8 7894 50.9625
14 9 9265 54.4908
14 10 3428 913.927
14 11 5808 685.878
14 12 743 60.7115
14 13 8137 67.3619
14 14 0 0
14 15 7571 511.003
14 16 2349 729.772
14 17 9111 24.5094
14 18 8671 985.848
14 19 5169 236.568
14 20 1986 741.922
14 21 282 13.2228
15 1 7138 434.868
15 2 5425 62.7318
15 3 4850 43.7265
15 4 3394 540.248
15 5 9876 202.522
15 6 65 995.543
15 7 7800 58.835
15 8 683 52.0756
15 9 6857 511.466
15 10 5642 75.8263
15 11 8199 638.896
15 12 4002 48.1384
15 13 7011 870.77
15 14 7603 33.2751
15 15 0 0
15 16 9244 67.1855
15 17 9486 191.709
15 18 6217 700.331
15 19 3368 798.362
15 20 2481 895.428
15 21 2820 52.6436
16 1 4166 41.5312
16 2 8679 32.7936
16 3 7103 77.1421
16 4 1223 229.387
16 5 1313 382.836
16 6 6075 861.54
16 7 8268 810.593
16 8 9267 205.843
16 9 7891 273.859
16 10 6124 83.6562
16 11 602 71.7176
16 12 4815 43.0569
16 13 4187 50.4058
16 14 9922 184.91
16 15 5413 27.3372
16 16 0 0
16 17 6888 69.1967
16 18 8062 426.238
16 19 5789 79.502
16 20 8050 859.069
16 21 4406 389.851
17 1 7794 104.563
17 2 5470 27.5301
17 3 7788 460.248
17 4 9056 73.1241
17 5 2285 961.032
17 6 7664 108.148
17 7 7382 100.428
17 8 361 50.9777
17 9 7265 296.327
17 10 6928 429.359
17 11 4874 245.309
17 12 8916 14.9487
17 13 4086 18.9831
17 14 3839 37.7611
17 15 9399 18.2664
17 16 8431 72.7374
17 17 0 0
17 18 7009 61.3434
17 19 6105 64.1434
17 20 4988 100.722
17 21 1547 97.4647
18 1 1908 28.0282
18 2 3025 54.1298
18 3 9713 108.827
18 4 6160 235.243
18 5 8639 42.7139
18 6 2563 56.7325
18 7 1174 247.77
18 8 6180 15.471
18 9 9724 623.166
18 10 2560 772.206
18 11 2742 98.1682
18 12 4416 101.722
18 13 5756 54.1292
18 14 1847 81.2649
18 15 800 564.024
18 16 2198 61.9285
18 17 6409 599.908
18 18 0 0
18 19 7166 680.172
18 20 4830 179.855
18 21 316 47.5282
19 1 3255 80.5815
19 2 8521 49.676
19 3 1383 507.607
19 4 9575 19.8185
19 5 9639 32.6256
19 6 976 974.484
19 7 9313 950.243
19 8 714 676.966
19 9 1285 696.089
19 10 2366 100.483
19 11 9152 29.7834
19 12 9905 84.5385
19 13 4001 108.878
19 14 8450 101.629
19 15 2116 85.3154
19 16 3638 92.651
19 17 8283 70.3685
19 18 7226 332.447
19 19 0 0
19 20 295 47.5078
19 21 9919 372.033
20 1 5953 15.8229
20 2 197 17.7773
20 3 715 137.901
20 4 3264 56.2729
20 5 2394 82.4912
20 6 6202 478.472
20 7 5942 222.696
20 8 8024 557.491
20 9 9614 24.303
20 10 1893 179.168
20 11 5179 11.186
20 12 2725 354.9
20 13 9406 607.07
20 14 6605 35.5302
20 15 3897 51.7782
20 16 9978 320.765
20 17 3119 99.8735
20 18 5339 22.1935
20 19 7350 657.331
20 20 0 0
20 21 3143 171.012
21 1 2378 66.7807
21 2 3265 75.5487
21 3 5709 49.9623
21 4 3710 65.8813
21 5 5718 469.408
21 6 202 864.563
21 7 800 67.0789
21 8 8498 31.177
21 9 4172 109.952
21 10 821 37.2844
21 11 5660 19.2479
21 12 3699 71.7085
21 13 8782 95.444
21 14 1626 942.445
21 15 8199 41.3829
21 16 4542 733.504
21 17 9561 72.9942
21 18 2848 255.839
21 19 5130 128.686
21 20 9669 49.1512
21 21 0 0
212
56
90
288
255
445
124
37
157
126
16
431
252
67
275
250
461
470
248
22
169
