16
0.25
1 1 0 0
1 2 448 100.51
1 3 5461 419.332
1 4 847 358.235
1 5 1801 623.077
1 6 3107 647.453
1 7 9406 437.484
1 8 1898 42.5056
1 9 9848 91.9985
1 10 3248 534.37
1 11 5082 35.9525
1 12 7437 781.981
1 13 353 694.191
1 14 9941 22.2351
1 15 548 374.672
1 16 8912 614.094
2 1 4721 876.028
2 2 0 0
2 3 8952 226.043
2 4 6979 611.047
2 5 4139 847.036
2 6 7968 95.0738
2 7 8073 553.222
2 8 9654 31.8734
2 9 2145 139.297
2 10 2839 107.702
2 11 3298 697.092
2 12 2826 742.678
2 13 4381 33.243
2 14 1090 34.3368
2 15 8261 59.7525
2 16 436 340.578
3 1 5582 75.3113
3 2 4148 47.0226
3 3 0 0
3 4 1594 901.251
3 5 5119 66.4422
3 6 2878 10.2816
3 7 1625 853.885
3 8 7118 61.5114
3 9 7609 59.0096
3 10 6592 537.569
3 11 7317 57.5162
3 12 7568 161.314
3 13 8432 338.006
3 14 2966 699.43
3 15 4759 45.7936
3 16 3416 708.196
4 1 1496 324.304
4 2 73 82.2873
4 3 8099 28.8189
4 4 0 0
4 5 8907 273.057
4 6 2986 23.3926
4 7 8306 661.535
4 8 9292 369.107
4 9 5597 57.5375
4 10 5720 139.636
4 11 2500 39.8905
4 12 1940 77.0275
4 13 513 986.424
4 14 5304 54.9782
4 15 7405 21.4685
4 16 5076 478.659
5 1 1458 852.282
5 2 2133 898.666
5 3 1250 988.038
5 4 3107 11.6499
5 5 0 0
5 6 118 533.923
5 7 7867 557.672
5 8 4329 101.678
5 9 272 156.371
5 10 6009 38.5444
5 11 1779 96.1572
5 12 1253 359.917
5 13 8350 911.791
5 14 1503 855.203
5 15 3678 96.9582
5 16 2340 342.864
6 1 4551 103.324
6 2 8161 108.503
6 3 6889 66.0502
6 4 7892 94.7855
6 5 7373 120.144
6 6 0 0
6 7 1021 491.295
6 8 792 71.2844
6 9 2330 873.896
6 10 7583 80.9828
6 11 9569 290.273
6 12 3492 884.138
6 13 1292 26.1697
6 14 7130 21.9374
6 15 9015 206.953
6 16 7999 60.9117
7 1 9158 534.526
7 2 6655 95.4618
7 3 2623 90.5904
7 4 4665 58.795
7 5 5887 319.19
7 6 6408 16.8233
7 7 0 0
7 8 447 322.753
7 9 2333 105.953
7 10 2340 25.4941
7 11 2827 28.4426
7 12 1927 100.956
7 13 4541 690.254
7 14 9018 408.305
7 15 9565 918.914
7 16 3510 91.6629
8 1 9543 259.416
8 2 8569 355.417
8 3 5101 45.4694
8 4 9675 93.7749
8 5 2889 652.436
8 6 5764 888.9
8 7 5672 12.8435
8 8 0 0
8 9 3407 80.3885
8 10 7651 86.9148
8 11 5986 103.405
8 12 687 488.863
8 13 5246 37.7728
8 14 956 502.34
8 15 1298 34.2073
8 16 5289 733.88
9 1 7278 456.878
9 2 73 103.559
9 3 3033 285.484
9 4 8782 557.145
9 5 4688 33.8525
9 6 3934 75.8812
9 7 5633 886.241
9 8 3880 30.3564
9 9 0 0
9 10 1007 70.0313
9 11 5708 231.428
9 12 7161 261.337
9 13 7294 609.595
9 14 4296 104.646
9 15 6241 700.231
9 16 9990 83.9826
10 1 5406 27.6907
10 2 8384 260.889
10 3 7494 40.7189
10 4 7836 80.0501
10 5 1790 36.8573
10 6 5893 663.842
10 7 8614 83.5205
10 8 9273 64.1099
10 9 3982 87.5409
10 10 0 0
10 11 391 30.7282
10 12 4487 87.0767
10 13 6957 104.473
10 14 5753 10.6893
10 15 9125 54.9601
10 16 1077 524.924
11 1 3250 102.674
11 2 217 23.1937
11 3 4757 76.0952
11 4 6255 10.4703
11 5 789 59.4904
11 6 2103 785.225
11 7 7780 60.4477
11 8 3452 568.902
11 9 3001 24.2063
11 10 3785 864.274
11 11 0 0
11 12 1512 926.963
11 13 9696 68.1466
11 14 5631 457.379
11 15 3612 471.161
11 16 6232 323.042
12 1 3483 752.849
12 2 7122 937.487
12 3 5534 21.7846
12 4 6213 631.116
12 5 6995 147.797
12 6 6022 946.462
12 7 9187 77.0955
12 8 5106 86.4783
12 9 9403 79.4133
12 10 2412 39.9328
12 11 877 109.345
12 12 0 0
12 13 2933 874.951
12 14 8240 550.875
12 15 6201 23.401
12 16 8644 19.3955
13 1 295 103.564
13 2 756 595.797
13 3 6596 186.374
13 4 2574 783.463
13 5 1296 48.1767
13 6 3552 506.19
13 7 7797 901.956
13 8 1812 17.3545
13 9 2697 609.857
13 10 2509 71.2955
13 11 8681 106.711
13 12 2726 589.296
13 13 0 0
13 14 7043 13.0967
13 15 3617 86.9507
13 16 9706 35.6077
14 1 7896 90.372
14 2 8022 165.284
14 3 3557 248.256
14 4 6387 180.483
14 5 2726 67.3081
14 6 5921 593.847
14 7 8345 149.242
14 8 5538 920.222
14 9 6254 983.265
14 10 8952 32.5042
14 11 9692 367.267
14 12 9353 17.6899
14 13 7218 14.6352
14 14 0 0
14 15 7881 90.65
14 16 1191 501.354
15 1 5791 204.869
15 2 4680 95.268
15 3 2263 15.0584
15 4 1488 974.954
15 5 1281 46.9255
15 6 2938 74.5252
15 7 6363 38.9136
15 8 9354 202.862
15 9 3722 52.9976
15 10 4870 610.334
15 11 8955 326.891
15 12 1011 64.6763
15 13 7411 879.244
15 14 4255 41.5301
15 15 0 0
15 16 8808 664.443
16 1 776 24.2746
16 2 8057 593.93
16 3 5023 23.328
16 4 1585 12.9051
16 5 481 54.1727
16 6 790 104.439
16 7 2081 130.885
16 8 1755 21.0456
16 9 2646 833.325
16 10 64 242.757
16 11 6609 46.1256
16 12 1973 576.09
16 13 8214 934.158
16 14 2550 58.1812
16 15 9215 14.5551
16 16 0 0
47
95
183
189
176
183
175
283
446
267
281
316
454
345
494
369
