19
0.5
1 1 0 0
1 2 4569 84.9453
1 3 7052 31.8421
1 4 9249 53.4321
1 5 3049 56.6908
1 6 9128 580.723
1 7 1354 736.306
1 8 2985 19.9098
1 9 8212 15.2325
1 10 1791 22.0636
1 11 7074 37.5898
1 12 7696 91.48
1 13 4832 348.444
1 14 508 63.3742
1 15 418 71.6846
1 16 4083 22.5408
1 17 6002 78.4425
1 18 9213 69.9866
1 19 2186 106.537
2 1 7025 306.351
2 2 0 0
2 3 2091 16.2665
2 4 2539 15.5346
2 5 6547 46.8739
2 6 6056 46.2209
2 7 9455 84.6761
2 8 3607 483.353
2 9 8759 437.799
2 10 5169 10.4552
2 11 3467 700.212
2 12 4845 867.182
2 13 4472 41.2665
2 14 5876 989.34
2 15 7274 70.6659
2 16 8423 31.6463
2 17 2219 34.3076
2 18 8063 163.403
2 19 5085 61.8169
3 1 990 16.368
3 2 5116 899.033
3 3 0 0
3 4 9323 109.946
3 5 8106 525.604
3 6 2188 81.3354
3 7 8321 417.514
3 8 4986 103.653
3 9 5394 93.4138
3 10 3612 727.189
3 11 6427 721.089
3 12 9841 510.265
3 13 9419 694.58
3 14 3700 32.9404
3 15 9709 441.086
3 16 9536 362.29
3 17 2072 14.8365
3 18 3865 898.047
3 19 3675 33.3547
4 1 4605 93.1626
4 2 6614 165.636
4 3 4814 73.3376
4 4 0 0
4 5 4373 279.4
4 6 5112 763.917
4 7 5524 954.112
4 8 9138 25.2649
4 9 2773 368.868
4 10 9113 179.427
4 11 3877 90.0791
4 12 1987 59.6035
4 13 7859 50.8562
4 14 6578 15.6541
4 15 1838 60.3653
4 16 8755 648.93
4 17 6652 56.1835
4 18 3635 58.7972
4 19 4598 53.0695
5 1 7861 707.519
5 2 4762 32.497
5 3 696 857.188
5 4 9275 38.136
5 5 0 0
5 6 9629 248.577
5 7 1599 229.102
5 8 8254 100.752
5 9 2349 63.3224
5 10 889 537.31
5 11 6115 34.2065
5 12 3747 735.853
5 13 4003 96.6723
5 14 6909 908.22
5 15 3424 75.1972
5 16 3810 38.3613
5 17 1937 436.521
5 18 2179 45.0094
5 19 3295 90.825
6 1 7163 84.51
6 2 9273 41.3294
6 3 8749 881.698
6 4 8354 599.74
6 5 8317 278.212
6 6 0 0
6 7 3328 50.3148
6 8 8542 50.3111
6 9 9594 334.642
6 10 8322 681.393
6 11 9832 92.2938
6 12 776 29.1797
6 13 7495 980.022
6 14 4585 46.5517
6 15 6261 100.318
6 16 7284 817.99
6 17 1999 937.126
6 18 8737 64.1952
6 19 4423 99.1044
7 1 3360 203.505
7 2 155 366.849
7 3 805 924.302
7 4 8902 49.3173
7 5 563 45.5269
7 6 5887 66.7217
7 7 0 0
7 8 5229 95.4967
7 9 5499 89.6996
7 10 120 14.5276
7 11 5608 893.422
7 12 3900 83.7954
7 13 3527 968.966
7 14 7785 364.709
7 15 188 680.283
7 16 11 228.981
7 17 5058 97.2502
7 18 980 230.586
7 19 8798 541.446
8 1 5488 30.8228
8 2 8648 75.4046
8 3 5170 203.54
8 4 6078 508.102
8 5 8502 75.0028
8 6 2273 678.496
8 7 8534 62.3529
8 8 0 0
8 9 8224 590.645
8 10 3954 753.026
8 11 3010 91.8663
8 12 7389 744.682
8 13 8534 43.0352
8 14 4514 70.4767
8 15 1395 74.3383
8 16 9332 515.731
8 17 9130 20.6114
8 18 6044 847.704
8 19 6988 746.029
9 1 1499 46.8306
9 2 1158 68.9501
9 3 7816 206.61
9 4 1594 33.491
9 5 4451 597.823
9 6 289 109.33
9 7 2635 51.0316
9 8 5626 29.3572
9 9 0 0
9 10 9451 23.353
9 11 4120 18.864
9 12 1043 39.1934
9 13 1201 853.823
9 14 7040 37.575
9 15 6751 805.946
9 16 8983 68.4552
9 17 5258 35.6818
9 18 1654 899.136
9 19 6674 615.437
10 1 8943 84.2182
10 2 3346 91.9008
10 3 8109 52.0452
10 4 9889 72.1576
10 5 1696 251.044
10 6 921 11.3537
10 7 6096 982.091
10 8 1737 731.473
10 9 1943 100.507
10 10 0 0
10 11 9695 12.8599
10 12 474 208.188
10 13 6678 35.1536
10 14 5294 934.672
10 15 4174 595.901
10 16 8124 834.726
10 17 7666 93.7755
10 18 4392 95.99
10 19 6403 57.8984
11 1 6692 78.8309
11 2 7895 908.192
11 3 5637 312.204
11 4 5723 101.37
11 5 4975 831.318
11 6 1734 41.6993
11 7 6257 254.548
11 8 2880 889.732
11 9 7410 28.4916
11 10 2478 729.282
11 11 0 0
11 12 6046 248.921
11 13 9769 476.545
11 14 320 10.759
11 15 2996 946.275
11 16 8438 17.1608
11 17 3811 844.041
11 18 2653 855.15
11 19 3012 44.5979
12 1 5809 45.0066
12 2 789 92.9503
12 3 2392 60.5762
12 4 2563 293.91
12 5 997 202.546
12 6 8167 439.858
12 7 7105 34.7381
12 8 3103 579.788
12 9 3041 108.298
12 10 1394 41.1682
12 11 9476 49.3651
12 12 0 0
12 13 8033 18.8786
12 14 9819 886.071
12 15 1527 453.816
12 16 7404 79.0212
12 17 6735 101.746
12 18 4300 49.2691
12 19 2370 886.949
13 1 1736 84.7494
13 2 5950 99.5454
13 3 598 30.056
13 4 6738 78.1303
13 5 3201 66.966
13 6 6032 66.647
13 7 7706 686.36
13 8 2190 49.4227
13 9 1536 75.6345
13 10 1479 63.4322
13 11 8534 96.22
13 12 5355 495.127
13 13 0 0
13 14 4953 84.9083
13 15 9491 10.4133
13 16 9758 89.7815
13 17 4497 491.79
13 18 6273 504.068
13 19 2435 40.9163
14 1 4797 45.6931
14 2 3170 894.754
14 3 656 472.42
14 4 296 17.2909
14 5 6189 12.7904
14 6 5107 82.1054
14 7 7787 251.147
14 8 400 56.4252
14 9 1769 93.4185
14 10 8354 51.1588
14 11 539 12.6352
14 12 2623 767.883
14 13 9682 193.852
14 14 0 0
14 15 3452 12.8036
14 16 6234 28.5888
14 17 2276 95.797
14 18 4668 82.5585
14 19 6611 94.5698
15 1 490 794.779
15 2 7658 229.189
15 3 3009 64.3154
15 4 1729 51.302
15 5 1648 373.109
15 6 1301 265.62
15 7 2395 585.681
15 8 2587 17.2375
15 9 5018 84.9835
15 10 5796 697.843
15 11 5772 46.8189
15 12 4867 294.94
15 13 8220 757.259
15 14 629 21.2077
15 15 0 0
15 16 5263 36.4149
15 17 5482 76.5894
15 18 5232 400.222
15 19 3405 56.5037
16 1 5109 621.392
16 2 8131 17.0434
16 3 9225 316.415
16 4 6511 25.3521
16 5 4696 662.909
16 6 1615 90.7215
16 7 5299 47.4323
16 8 2728 63.8085
16 9 6408 42.6536
16 10 6223 935.564
16 11 7153 29.314
16 12 7515 864.849
16 13 6623 766.387
16 14 4969 692.535
16 15 2913 862.48
16 16 0 0
16 17 7114 90.9377
16 18 2005 106.625
16 19 6529 78.6198
17 1 1043 234.85
17 2 5239 25.7884
17 3 760 567.677
17 4 3568 184.062
17 5 8516 79.4884
17 6 5023 58.8331
17 7 662 93.9343
17 8 7301 505.179
17 9 1921 577.917
17 10 9785 42.1704
17 11 6376 432.436
17 12 5981 270.336
17 13 2949 310.439
17 14 7798 25.4137
17 15 5955 901.865
17 16 2997 92.0038
17 17 0 0
17 18 4491 102.175
17 19 2429 371.186
18 1 1130 444.287
18 2 5894 695.8
18 3 5800 75.381
18 4 7257 76.4854
18 5 2840 654.495
18 6 6056 795.873
18 7 4418 104.384
18 8 4551 884.775
18 9 480 271.22
18 10 6061 105.565
18 11 3818 86.745
18 12 3052 76.2858
18 13 6643 42.8077
18 14 1987 997.955
18 15 4323 90.0377
18 16 4413 333.019
18 17 8528 739.944
18 18 0 0
18 19 8832 726.035
19 1 3054 779.624
19 2 1855 83.0053
19 3 8889 102.502
19 4 9725 434.888
19 5 502 14.8915
19 6 7594 397.018
19 7 3336 79.9535
19 8 7028 296.903
19 9 117 40.3261
19 10 4910 650.474
19 11 7110 21.8579
19 12 8503 839.752
19 13 575 23.5179
19 14 8104 479.146
19 15 9689 527.454
19 16 1130 103.391
19 17 2387 48.3375
19 18 9949 61.0336
19 19 0 0
224
91
101
482
353
35
128
463
23
288
318
218
81
393
302
121
350
112
164
