30
0.25
1 1 0 0
1 2 7318 575.543
1 3 3160 33.4108
1 4 7259 87.3677
1 5 1885 362.439
1 6 336 500.589
1 7 8413 41.7571
1 8 9487 30.4319
1 9 4969 28.4075
1 10 8454 974.497
1 11 4228 922.132
1 12 4838 726.631
1 13 8181 663.538
1 14 6747 64.2894
1 15 7524 83.7271
1 16 8869 261.18
1 17 6490 51.064
1 18 10 80.8435
1 19 3933 397.79
1 20 5053 28.882
1 21 9764 37.4932
1 22 5435 38.9715
1 23 6292 88.6067
1 24 7615 81.9479
1 25 7615 87.8533
1 26 119 334.231
1 27 5012 28.1498
1 28 3885 102.074
1 29 3977 713.439
1 30 5256 887.748
2 1 9742 80.2294
2 2 0 0
2 3 9618 41.4986
2 4 8554 38.1367
2 5 9711 845.544
2 6 3051 85.1196
2 7 4107 48.0761
2 8 5921 31.4828
2 9 553 580.968
2 10 3843 663.499
2 11 760 74.6496
2 12 6111 524.456
2 13 476 179.511
2 14 2340 338.291
2 15 9886 74.4335
2 16 8917 76.0537
2 17 4253 124.168
2 18 7467 266.407
2 19 8698 507.894
2 20 7011 557.065
2 21 9989 89.171
2 22 5387 52.0649
2 23 6619 718.814
2 24 5470 104.592
2 25 4586 101.804
2 26 4284 354.636
2 27 5829 14.2568
2 28 5690 231.128
2 29 1585 186.748
2 30 1047 801.862
3 1 4404 779.909
3 2 3264 108.864
3 3 0 0
3 4 7371 25.0341
3 5 2694 67.0007
3 6 4140 62.9002
3 7 5068 96.2869
3 8 4881 42.2805
3 9 7686 299.572
3 10 9405 107.8
3 11 6943 105.905
3 12 4142 98.6223
3 13 5411 416.019
3 14 3213 42.8914
3 15 4377 946.35
3 16 7595 54.4686
3 17 6402 212.236
3 18 6066 879.535
3 19 3546 570.753
3 20 3605 542.294
3 21 3997 38.2054
3 22 1734 367.097
3 23 6804 559.134
3 24 7299 288.813
3 25 7134 35.4948
3 26 4483 52.346
3 27 285 712.385
3 28 8824 53.6358
3 29 9577 72.9637
3 30 3643 60.335
4 1 9902 33.4245
4 2 2107 624.183
4 3 1012 51.3075
4 4 0 0
4 5 9883 629.557
4 6 2443 48.3971
4 7 4089 37.6325
4 8 2609 92.5619
4 9 9424 99.4723
4 10 9415 816.441
4 11 9323 95.0345
4 12 2203 10.4432
4 13 1350 32.775
4 14 7257 50.6523
4 15 8983 956.769
4 16 6095 98.138
4 17 5673 24.6707
4 18 8961 28.7435
4 19 8713 215.8
4 20 995 81.3383
4 21 5707 44.4802
4 22 6453 568.486
4 23 9935 109.444
4 24 1535 19.7716
4 25 4409 163.605
4 26 8560 714.755
4 27 8418 928.17
4 28 7522 227.31
4 29 6159 40.4561
4 30 3152 626.279
5 1 8079 88.2104
5 2 935 315.385
5 3 7974 430.366
5 4 8600 751.23
5 5 0 0
5 6 6529 78.1053
5 7 1645 95.9392
5 8 2742 670.217
5 9 7557 369.853
5 10 7757 88.3919
5 11 3709 92.7139
5 12 7532 39.5952
5 13 4903 14.0703
5 14 1672 16.5825
5 15 5541 69.9067
5 16 120 14.6952
5 17 1688 366.25
5 18 9044 418.34
5 19 7861 359.929
5 20 7100 46.8452
5 21 1826 679.709
5 22 6683 335.037
5 23 3729 77.924
5 24 9417 300.803
5 25 35 164.17
5 26 7118 289.111
5 27 5074 829.233
5 28 8815 57.9289
5 29 6760 27.7449
5 30 9135 141.024
6 1 2099 654.575
6 2 8804 344.381
6 3 977 992.546
6 4 8609 99.4454
6 5 3323 500.473
6 6 0 0
6 7 70 521.831
6 8 5381 649.583
6 9 901 743.12
6 10 9371 462.659
6 11 1053 25.8051
6 12 7352 643.218
6 13 8329 715.297
6 14 1516 77.024
6 15 8169 66.8752
6 16 9960 56.6656
6 17 8781 106.302
6 18 1106 20.4791
6 19 2271 34.8224
6 20 4025 90.1658
6 21 4228 125.02
6 22 6334 65.6764
6 23 8521 89.6598
6 24 7472 169.558
6 25 3268 334.886
6 26 1679 593.383
6 27 2739 99.2214
6 28 9920 22.1511
6 29 8294 509.485
6 30 326 80.2431
7 1 5480 917.799
7 2 2892 256.612
7 3 1012 373.446
7 4 2294 602.681
7 5 419 101.686
7 6 349 33.0443
7 7 0 0
7 8 5406 33.8987
7 9 2013 90.9059
7 10 5551 235.509
7 11 6922 16.3672
7 12 1849 70.4293
7 13 1384 187.337
7 14 9231 368.717
7 15 3720 95.373
7 16 6367 43.2616
7 17 5342 46.4128
7 18 604 51.492
7 19 3639 54.8011
7 20 9201 578.191
7 21 9563 12.3686
7 22 5100 626.152
7 23 42 470.611
7 24 7075 123.826
7 25 2017 382.396
7 26 5043 405.877
7 27 5775 60.9157
7 28 3188 305.617
7 29 2724 854.48
7 30 657 287.255
8 1 1632 103.429
8 2 9624 109.543
8 3 2817 901.061
8 4 4104 36.9303
8 5 849 86.6485
8 6 8995 712.406
8 7 1664 761.555
8 8 0 0
8 9 2855 24.4374
8 10 4324 914.763
8 11 1734 94.1781
8 12 635 28.0937
8 13 654 938.598
8 14 7288 78.9057
8 15 4625 73.965
8 16 5544 23.9095
8 17 6471 51.1228
8 18 3772 688.348
8 19 6437 51.49
8 20 1423 675.698
8 21 8721 888.753
8 22 3883 632.256
8 23 122 929.893
8 24 1593 48.7816
8 25 1987 58.6636
8 26 1083 43.018
8 27 4547 39.0842
8 28 126 774.5
8 29 3596 270.312
8 30 1792 17.3892
9 1 6495 14.9722
9 2 8362 56.5057
9 3 2673 423.325
9 4 8108 899.958
9 5 1132 796.017
9 6 8555 22.8432
9 7 7577 78.3688
9 8 841 25.4193
9 9 0 0
9 10 2717 39.1499
9 11 6058 249.982
9 12 1542 914.405
9 13 903 22.6548
9 14 4775 18.7348
9 15 164 81.5403
9 16 711 79.977
9 17 4689 690.098
9 18 345 805.483
9 19 4152 18.7048
9 20 9880 243.141
9 21 6672 74.8663
9 22 5951 109.931
9 23 2790 26.3839
9 24 7425 774.502
9 25 9977 82.1194
9 26 2039 52.1731
9 27 4655 45.2748
9 28 2556 94.4426
9 29 290 197.606
9 30 686 156.789
10 1 4638 992.287
10 2 2992 86.799
10 3 2245 65.3623
10 4 757 814.24
10 5 3907 943.168
10 6 7097 93.0363
10 7 6869 38.1843
10 8 5426 426.038
10 9 6696 926.638
10 10 0 0
10 11 7873 947.835
10 12 8970 781.129
10 13 8749 666.502
10 14 8754 59.8358
10 15 9886 433.245
10 16 3274 61.8512
10 17 5433 59.9561
10 18 7075 76.1624
10 19 9241 908.413
10 20 4980 801.797
10 21 5741 93.3361
10 22 460 35.6246
10 23 9458 719.115
10 24 7741 201.279
10 25 1749 876.576
10 26 8907 509.509
10 27 1895 821.272
10 28 2753 233.595
10 29 9784 18.9226
10 30 4602 35.2592
11 1 4791 100.13
11 2 7391 192.134
11 3 3392 87.3862
11 4 5785 365.045
11 5 9521 578.733
11 6 5356 62.2691
11 7 3549 160.087
11 8 7551 38.1283
11 9 7878 208.124
11 10 9012 326.646
11 11 0 0
11 12 1298 563.488
11 13 8961 856.486
11 14 970 976.768
11 15 2427 67.0835
11 16 2086 167.047
11 17 6185 158.647
11 18 4351 16.4148
11 19 5665 50.3111
11 20 9905 241.699
11 21 9960 458.324
11 22 3516 854.784
11 23 6313 264.439
11 24 8812 103.354
11 25 6823 601.192
11 26 4439 428.682
11 27 7059 292.584
11 28 9940 692.408
11 29 7683 439.424
11 30 6687 84.7229
12 1 3090 735.048
12 2 1494 71.5473
12 3 3041 329.802
12 4 5124 30.1704
12 5 1135 803.963
12 6 3210 109.622
12 7 4520 205.69
12 8 9475 101.505
12 9 1626 314.386
12 10 8524 74.4988
12 11 4398 144.977
12 12 0 0
12 13 4613 19.0999
12 14 467 16.6542
12 15 922 100.809
12 16 3300 592.417
12 17 27 670.351
12 18 5893 308.943
12 19 7085 656.838
12 20 4305 86.8185
12 21 3218 16.6096
12 22 82 782.269
12 23 1209 43.5027
12 24 6467 609.155
12 25 5817 91.9092
12 26 7127 102.838
12 27 868 61.8196
12 28 4184 17.2359
12 29 7781 688.08
12 30 1600 223.136
13 1 6028 14.1829
13 2 7752 101.139
13 3 9864 64.6856
13 4 3856 573.711
13 5 1827 38.1754
13 6 8901 82.1156
13 7 6213 77.5878
13 8 3326 24.2147
13 9 1111 325.651
13 10 2692 121.439
13 11 9695 93.3897
13 12 3349 138.012
13 13 0 0
13 14 8052 138.761
13 15 8416 937.144
13 16 4909 599.702
13 17 4805 12.4527
13 18 7757 824.035
13 19 1088 628.578
13 20 9746 747.099
13 21 818 91.6435
13 22 2255 72.4771
13 23 6333 238.205
13 24 3134 49.9004
13 25 3868 57.2196
13 26 1353 56.9357
13 27 1408 952.316
13 28 1160 96.712
13 29 534 1008.32
13 30 1009 78.4373
14 1 3070 832.954
14 2 8318 72.7199
14 3 9133 23.8936
14 4 3266 36.955
14 5 583 66.5899
14 6 1291 601.693
14 7 7218 638.685
14 8 9969 408.033
14 9 5759 585.613
14 10 7912 40.3573
14 11 7541 99.7562
14 12 40 56.9021
14 13 8754 95.1845
14 14 0 0
14 15 9736 27.4047
14 16 8334 66.4388
14 17 2020 960.012
14 18 2999 930.621
14 19 8781 60.0742
14 20 3474 60.4409
14 21 1816 65.0202
14 22 6256 47.5217
14 23 7612 89.5891
14 24 4493 53.6994
14 25 6879 62.6732
14 26 609 474.107
14 27 9551 731.316
14 28 8706 355.294
14 29 5836 37.8358
14 30 2100 617.219
15 1 8032 43.0196
15 2 7346 23.1663
15 3 3112 93.4572
15 4 1 76.1247
15 5 793 975.255
15 6 5107 811.513
15 7 9878 150.798
15 8 6397 584.803
15 9 8234 83.2213
15 10 5358 11.1061
15 11 9881 996.961
15 12 9715 973.484
15 13 6049 848.193
15 14 7980 18.0109
15 15 0 0
15 16 7909 64.1076
15 17 5574 405.143
15 18 2013 216.698
15 19 9247 935.752
15 20 274 57.2926
15 21 229 44.8963
15 22 8937 68.2725
15 23 4566 161.055
15 24 7021 12.5292
15 25 6618 50.8585
15 26 4202 90.6217
15 27 300 732.156
15 28 8225 72.0511
15 29 7528 32.2597
15 30 3268 97.3708
16 1 4928 95.2202
16 2 7312 86.5298
16 3 2102 104.319
16 4 5699 527.547
16 5 4864 42.2934
16 6 2302 52.548
16 7 2454 800.437
16 8 6779 31.932
16 9 1507 862.925
16 10 5739 276.057
16 11 1357 29.0928
16 12 71 73.8599
16 13 8116 606.032
16 14 1558 36.7111
16 15 95 778.828
16 16 0 0
16 17 4411 100.249
16 18 2415 106.878
16 19 9683 372.836
16 20 7283 39.1356
16 21 1758 78.0093
16 22 6088 11.9724
16 23 6852 615.958
16 24 9341 560.323
16 25 1768 108.612
16 26 211 925.885
16 27 8584 84.8196
16 28 3795 299.272
16 29 6143 271.27
16 30 3854 38.4701
17 1 808 68.2162
17 2 274 37.36
17 3 3532 57.2498
17 4 4245 78.2874
17 5 869 611.681
17 6 2749 84.6464
17 7 7455 450.159
17 8 3639 118.245
17 9 1053 64.1159
17 10 2826 105.822
17 11 3171 31.2356
17 12 7825 579.621
17 13 1795 32.0943
17 14 4207 90.4922
17 15 473 101.759
17 16 1208 595.656
17 17 0 0
17 18 155 67.7951
17 19 780 806.967
17 20 2795 31.1485
17 21 4939 28.4342
17 22 4495 10.6892
17 23 517 45.9229
17 24 8150 253.325
17 25 7894 275.138
17 26 5442 107.499
17 27 8914 45.901
17 28 2169 43.3076
17 29 6496 655.386
17 30 5689 595.213
18 1 5891 423.827
18 2 7309 425.929
18 3 7103 27.3681
18 4 9196 81.4443
18 5 3471 520.714
18 6 526 255.367
18 7 7582 62.0083
18 8 4684 18.1327
18 9 8344 46.9258
18 10 2201 502.121
18 11 3660 1001.07
18 12 9196 92.4342
18 13 4683 214.278
18 14 4299 80.0505
18 15 9839 543.966
18 16 1862 519.582
18 17 4489 64.4944
18 18 0 0
18 19 5282 32.5705
18 20 7098 22.9819
18 21 719 64.2504
18 22 8938 220.486
18 23 9400 792.867
18 24 246 788.286
18 25 8347 65.597
18 26 8205 369.245
18 27 7715 463.249
18 28 5022 91.2974
18 29 2690 807.431
18 30 9240 83.9696
19 1 7520 295.153
19 2 6867 29.0159
19 3 9525 45.5111
19 4 9154 719.368
19 5 2859 35.5467
19 6 6188 717.851
19 7 8963 587.235
19 8 1710 118.985
19 9 2012 833.185
19 10 7257 90.1162
19 11 9438 422.174
19 12 9811 158.341
19 13 5686 10.7384
19 14 2611 89.3708
19 15 1620 83.1528
19 16 7012 524.703
19 17 4979 77.72
19 18 3735 738.6
19 19 0 0
19 20 7768 31.3848
19 21 8714 45.8649
19 22 3670 302.821
19 23 6059 80.6151
19 24 8469 100.252
19 25 3002 581.394
19 26 9906 95.5532
19 27 7528 320.901
19 28 426 306.745
19 29 6314 36.6314
19 30 6567 42.5823
20 1 6579 402.98
20 2 9240 18.7204
20 3 8421 50.0406
20 4 7342 45.1602
20 5 8232 39.5904
20 6 3893 952.68
20 7 9890 557.395
20 8 8761 827.903
20 9 3119 341.437
20 10 1025 29.6983
20 11 4492 247.727
20 12 7129 35.4831
20 13 8375 670.467
20 14 4393 70.2979
20 15 7222 18.3102
20 16 9472 904.547
20 17 9115 86.884
20 18 9517 230.685
20 19 5656 102.728
20 20 0 0
20 21 7619 71.7228
20 22 9528 514.375
20 23 95 957.372
20 24 5696 249.038
20 25 6037 54.9989
20 26 5939 58.2742
20 27 1110 100.869
20 28 1455 68.3369
20 29 4503 91.7676
20 30 7032 100.836
21 1 5356 22.1726
21 2 8746 500.367
21 3 7429 50.7259
21 4 646 969.605
21 5 6818 557.813
21 6 2342 533.483
21 7 2746 192.52
21 8 4629 56.7603
21 9 4231 936.128
21 10 315 385.998
21 11 8704 158.649
21 12 7718 451.065
21 13 7257 500.973
21 14 1748 65.3204
21 15 5917 298.226
21 16 510 309.016
21 17 2749 678.678
21 18 5754 39.1758
21 19 1344 103.71
21 20 9037 92.5379
21 21 0 0
21 22 8137 98.3884
21 23 8966 82.984
21 24 4702 877.623
21 25 8143 254.605
21 26 4985 109.823
21 27 1266 893.265
21 28 9277 17.7676
21 29 2832 601.745
21 30 3386 10.8843
22 1 9090 156.646
22 2 3328 923.51
22 3 4160 53.1162
22 4 3980 28.9968
22 5 6570 69.7188
22 6 6223 622.427
22 7 2463 88.3498
22 8 1278 73.3883
22 9 5416 44.6104
22 10 2210 48.7764
22 11 5890 78.499
22 12 6773 623.781
22 13 6267 332.785
22 14 5737 35.3067
22 15 8793 905.598
22 16 7183 813.585
22 17 9528 275.252
22 18 9986 589.616
22 19 4010 51.5355
22 20 4650 74.2268
22 21 2306 56.3329
22 22 0 0
22 23 6017 53.8041
22 24 7566 882.245
22 25 2273 59.5782
22 26 7544 186.275
22 27 5169 168.33
22 28 6486 551.77
22 29 6409 219.859
22 30 3273 250.273
23 1 7205 32.4757
23 2 4296 182.156
23 3 3636 239.114
23 4 8555 319.141
23 5 5916 853.4
23 6 9700 31.8588
23 7 2829 451.706
23 8 1526 81.5369
23 9 959 72.6345
23 10 6054 818.518
23 11 4932 617.992
23 12 9802 51.2531
23 13 2907 100.713
23 14 4668 715.557
23 15 409 140.611
23 16 9515 445.353
23 17 3482 61.5383
23 18 3141 184.285
23 19 725 687.312
23 20 6220 614.078
23 21 9987 379.94
23 22 6676 13.9123
23 23 0 0
23 24 8595 84.9566
23 25 815 925.482
23 26 1848 442.944
23 27 6671 133.123
23 28 9180 26.2296
23 29 1840 718.793
23 30 193 40.4384
24 1 4297 25.8926
24 2 3776 522.694
24 3 5835 600.444
24 4 7475 574.332
24 5 2332 76.3471
24 6 5313 207.004
24 7 5982 10.8329
24 8 6743 21.9305
24 9 425 981.638
24 10 8555 290.697
24 11 2091 77.2828
24 12 9793 966.548
24 13 2945 749.849
24 14 4996 53.5262
24 15 1557 959.911
24 16 946 108.936
24 17 6275 78.4204
24 18 7059 479.81
24 19 6781 871.557
24 20 4934 13.373
24 21 2244 76.3641
24 22 7634 45.5366
24 23 8387 488.847
24 24 0 0
24 25 237 17.3206
24 26 5425 31.3398
24 27 1120 824.907
24 28 9170 41.0677
24 29 6247 833.829
24 30 4234 61.6662
25 1 4973 107.968
25 2 5009 97.2131
25 3 2287 1008.08
25 4 583 108.85
25 5 4789 53.3845
25 6 6027 908.443
25 7 2983 14.5765
25 8 970 17.2814
25 9 2323 997.921
25 10 3784 101.039
25 11 2132 91.1855
25 12 5922 983.018
25 13 3596 76.7058
25 14 4949 14.9466
25 15 2926 76.1147
25 16 5226 347.01
25 17 7055 36.9679
25 18 5711 82.0375
25 19 7469 111.436
25 20 9388 649.961
25 21 7307 207.508
25 22 3455 90.7806
25 23 2780 23.4497
25 24 9269 63.2947
25 25 0 0
25 26 4957 492.004
25 27 2785 15.4872
25 28 1827 56.4951
25 29 5906 62.7147
25 30 1490 65.2138
26 1 3882 46.3753
26 2 7315 57.8653
26 3 6764 1004.81
26 4 9942 88.4347
26 5 6433 94.5348
26 6 5875 176.312
26 7 6707 191.084
26 8 1307 798.107
26 9 5363 43.1458
26 10 3493 999.014
26 11 4373 653.633
26 12 8139 100.739
26 13 3276 69.2145
26 14 9353 77.0912
26 15 6319 31.0397
26 16 9123 36.0068
26 17 9748 491.069
26 18 716 220.411
26 19 5433 485.063
26 20 2314 109.54
26 21 9773 882.856
26 22 6254 84.7395
26 23 9064 826.524
26 24 1658 98.805
26 25 6817 106.468
26 26 0 0
26 27 161 984.729
26 28 3001 10.4833
26 29 5418 34.1655
26 30 8295 160.144
27 1 4835 267.448
27 2 9231 125.703
27 3 1719 98.6634
27 4 9613 75.4982
27 5 6030 819.466
27 6 4560 43.6462
27 7 7989 91.3201
27 8 8544 220.352
27 9 6580 100.464
27 10 6108 962.296
27 11 9787 48.6462
27 12 167 29.6154
27 13 1620 35.0038
27 14 2287 790.404
27 15 8148 64.4997
27 16 5851 61.8203
27 17 8067 48.191
27 18 273 100.569
27 19 2216 580.611
27 20 964 597.084
27 21 5599 53.0173
27 22 1139 19.5277
27 23 7358 55.5253
27 24 6861 35.7495
27 25 5066 328.529
27 26 3631 62.6402
27 27 0 0
27 28 9373 107.759
27 29 8806 656.806
27 30 4930 548.898
28 1 9517 905.515
28 2 862 96.6804
28 3 3800 720.21
28 4 267 64.1437
28 5 5629 54.915
28 6 8555 98.3279
28 7 2372 36.8438
28 8 4344 335.942
28 9 8813 352.161
28 10 7970 537.445
28 11 1101 88.6436
28 12 7962 17.1431
28 13 1045 778.891
28 14 516 84.9699
28 15 7996 11.4672
28 16 8476 378.402
28 17 3753 29.0658
28 18 6030 1009.64
28 19 7021 187.27
28 20 9705 72.9226
28 21 2648 936.123
28 22 6816 75.5045
28 23 7808 256.165
28 24 9468 89.4761
28 25 5505 766.085
28 26 2781 48.7633
28 27 2714 10.7933
28 28 0 0
28 29 5289 24.3387
28 30 7174 781.582
29 1 6231 63.9322
29 2 8336 995.506
29 3 2061 15.6489
29 4 5565 476.555
29 5 1704 17.8433
29 6 8042 48.2722
29 7 9264 838.571
29 8 1220 60.4307
29 9 5340 77.8369
29 10 5968 77.6699
29 11 1917 851.458
29 12 7510 710.09
29 13 3847 49.0317
29 14 8892 939.714
29 15 6394 24.1027
29 16 516 757.941
29 17 1958 86.5128
29 18 5550 570.991
29 19 8692 336.186
29 20 118 70.3602
29 21 6851 104.078
29 22 8594 69.6679
29 23 4349 105.417
29 24 932 76.8311
29 25 6152 108.526
29 26 2180 79.9773
29 27 8169 577.943
29 28 6901 107.74
29 29 0 0
29 30 146 946.081
30 1 4137 597.369
30 2 1456 712.847
30 3 1983 92.1837
30 4 4053 939.844
30 5 6079 42.5186
30 6 9979 69.6414
30 7 7457 79.9964
30 8 2908 82.5891
30 9 5595 60.2766
30 10 6739 63.4897
30 11 4384 60.0653
30 12 4500 17.6732
30 13 9003 20.4594
30 14 4459 294.327
30 15 2013 664.963
30 16 3260 156.218
30 17 4594 909.116
30 18 6532 671.601
30 19 3736 29.8799
30 20 1756 81.7032
30 21 1988 70.6499
30 22 1847 96.3546
30 23 887 88.3627
30 24 4055 106.342
30 25 2996 367.101
30 26 4996 642.979
30 27 2557 786.312
30 28 1509 496.872
30 29 6372 43.2603
30 30 0 0
400
460
274
387
448
471
176
295
167
370
34
219
156
441
378
236
438
254
41
434
38
51
491
268
74
352
383
372
224
235
