25
0.75
1 1 0 0
1 2 4463 10.9818
1 3 2478 630.495
1 4 6739 827.906
1 5 8578 83.8029
1 6 8132 544.06
1 7 2042 52.1053
1 8 9884 96.8923
1 9 8674 16.0153
1 10 396 32.8522
1 11 9712 75.4821
1 12 5190 85.2935
1 13 7587 24.3654
1 14 3570 70.8755
1 15 2158 60.7392
1 16 5660 90.9606
1 17 7237 25.5793
1 18 9073 193.649
1 19 7881 54.4265
1 20 2678 97.7521
1 21 8608 966.59
1 22 4332 725.136
1 23 8770 68.4129
1 24 1798 505.76
1 25 1100 76.4517
2 1 1762 64.7485
2 2 0 0
2 3 8019 32.184
2 4 4647 351.524
2 5 9702 33.4503
2 6 8962 76.281
2 7 9262 44.8063
2 8 7597 522.676
2 9 8431 26.6469
2 10 7889 102.994
2 11 1768 72.0982
2 12 2294 107.764
2 13 7599 543.962
2 14 2429 81.1008
2 15 316 47.77
2 16 9935 64.0053
2 17 4385 436.588
2 18 676 20.2787
2 19 6701 331.587
2 20 47 32.664
2 21 6990 436.703
2 22 9686 439.168
2 23 3797 53.6391
2 24 6558 435.911
2 25 7044 769.632
3 1 9488 499.067
3 2 9273 59.1737
3 3 0 0
3 4 2302 734.233
3 5 5613 100.169
3 6 4326 618.238
3 7 3889 349.637
3 8 1752 770.404
3 9 2383 102.529
3 10 3801 66.1268
3 11 4300 504.448
3 12 9935 484.753
3 13 6020 669.853
3 14 1819 407.811
3 15 7632 30.1303
3 16 9186 246.797
3 17 3428 444.23
3 18 2125 51.4583
3 19 1220 25.5493
3 20 4664 200.922
3 21 4888 33.1879
3 22 8559 666.064
3 23 1964 10.3529
3 24 3138 710.863
3 25 2755 860.851
4 1 222 785.081
4 2 9233 710.194
4 3 9482 62.8911
4 4 0 0
4 5 4305 36.2341
4 6 201 382.184
4 7 1026 818.329
4 8 6528 340.409
4 9 6196 437.491
4 10 5654 69.1312
4 11 3557 556.106
4 12 9166 29.3561
4 13 9511 24.1917
4 14 8482 83.0811
4 15 1479 730.646
4 16 9942 13.6709
4 17 1319 745.127
4 18 9910 320.347
4 19 2003 247.123
4 20 3618 27.5307
4 21 2926 62.2711
4 22 1207 58.0637
4 23 6704 295.881
4 24 6492 47.2675
4 25 9048 165.601
5 1 5593 800.153
5 2 7143 477.253
5 3 2234 51.8781
5 4 2129 310.8
5 5 0 0
5 6 2441 21.6841
5 7 2659 66.7765
5 8 5539 60.4425
5 9 4007 80.1901
5 10 944 96.0387
5 11 4888 42.7744
5 12 3793 491.404
5 13 4212 588.461
5 14 3524 23.2273
5 15 8256 483.25
5 16 7310 12.8883
5 17 9986 400.484
5 18 8899 20.4159
5 19 509 373.469
5 20 3385 41.0331
5 21 9657 77.5556
5 22 3509 189.79
5 23 8530 869.741
5 24 8743 55.0536
5 25 4060 272.523
6 1 2835 63.2824
6 2 1391 446.747
6 3 6302 59.7004
6 4 1481 204.229
6 5 7278 824.305
6 6 0 0
6 7 6539 82.9907
6 8 8311 106.635
6 9 4540 80.4644
6 10 6017 31.186
6 11 7682 56.5042
6 12 5311 43.7013
6 13 7697 85.3939
6 14 7500 293.585
6 15 6611 440.376
6 16 5388 906.213
6 17 4775 551.483
6 18 6014 408.96
6 19 2897 105.005
6 20 5989 87.3211
6 21 8814 10.0718
6 22 5980 115.82
6 23 1150 127.4
6 24 662 435.941
6 25 7063 145.603
7 1 7215 619.853
7 2 854 25.9024
7 3 3991 55.867
7 4 3783 78.8583
7 5 7815 718.502
7 6 2127 978.964
7 7 0 0
7 8 3483 742.493
7 9 1070 541.913
7 10 9927 90.3971
7 11 2708 55.6715
7 12 7247 461.243
7 13 822 93.499
7 14 9972 936.82
7 15 5712 833.369
7 16 6230 32.928
7 17 6600 175.74
7 18 1799 19.779
7 19 3490 46.2445
7 20 5724 723.642
7 21 9648 444.967
7 22 8225 105.679
7 23 3196 185.339
7 24 9336 73.2083
7 25 2659 82.5986
8 1 2414 417.098
8 2 4590 458.629
8 3 8001 95.1296
8 4 8628 730.92
8 5 324 184.901
8 6 3753 73.9179
8 7 5978 34.9357
8 8 0 0
8 9 4214 71.5289
8 10 5668 905.999
8 11 4330 560.157
8 12 337 276.345
8 13 1502 763.065
8 14 2658 107.928
8 15 934 687.49
8 16 106 389.6
8 17 3747 98.9585
8 18 7271 263.116
8 19 7925 931.435
8 20 6532 739.532
8 21 9415 70.4227
8 22 5936 46.889
8 23 5029 262.8
8 24 6942 431.696
8 25 9826 983.37
9 1 3524 280.267
9 2 3759 36.0272
9 3 6531 77.5619
9 4 3715 185.836
9 5 7562 80.2017
9 6 4705 896.247
9 7 507 55.451
9 8 3736 823.905
9 9 0 0
9 10 6277 51.3061
9 11 5188 113.273
9 12 9097 615.463
9 13 8328 19.453
9 14 2988 30.9654
9 15 9054 30.0191
9 16 7093 78.1432
9 17 9125 64.9376
9 18 9480 45.4179
9 19 1200 372.185
9 20 5787 336.461
9 21 5899 32.6289
9 22 5175 83.9158
9 23 7368 34.467
9 24 6226 642.409
9 25 8076 165.49
10 1 8141 745.349
10 2 5655 20.1517
10 3 6387 95.8221
10 4 3569 384.351
10 5 1287 100.271
10 6 3778 96.4985
10 7 9926 33.4555
10 8 3255 291.683
10 9 7523 13.2397
10 10 0 0
10 11 2910 172.316
10 12 2187 857.275
10 13 2916 88.9291
10 14 9802 97.4613
10 15 6056 65.7749
10 16 9063 662.605
10 17 1452 67.2241
10 18 1114 51.9931
10 19 794 90.1137
10 20 1526 91.0388
10 21 9944 667.339
10 22 1456 64.218
10 23 9505 156.344
10 24 3218 11.9208
10 25 8426 61.4949
11 1 2682 1005.75
11 2 5421 88.8081
11 3 5248 21.8222
11 4 7336 735.332
11 5 5407 864.084
11 6 5685 146.885
11 7 6248 82.9225
11 8 5237 376.454
11 9 7362 25.0089
11 10 6308 103.835
11 11 0 0
11 12 8348 115.59
11 13 4769 65.4513
11 14 9350 160.105
11 15 8368 22.6922
11 16 7784 86.6645
11 17 2415 20.1672
11 18 7877 39.4319
11 19 6355 201.861
11 20 3471 593.588
11 21 2673 44.4113
11 22 2723 13.1187
11 23 2684 307.412
11 24 360 81.5031
11 25 6865 713.973
12 1 9346 16.5377
12 2 9328 70.9629
12 3 404 109.407
12 4 3086 86.0876
12 5 4175 15.6395
12 6 5946 99.9835
12 7 6825 816.144
12 8 9493 87.1074
12 9 5724 68.2708
12 10 4414 369.267
12 11 1955 92.6082
12 12 0 0
12 13 3755 847.239
12 14 9147 62.9622
12 15 7084 642.455
12 16 9154 522.194
12 17 16 328.927
12 18 5034 109.101
12 19 2558 644.018
12 20 3708 812.478
12 21 1482 656.491
12 22 6954 39.2979
12 23 7906 60.8587
12 24 6755 404.987
12 25 4082 256.498
13 1 9889 35.4982
13 2 4001 14.0261
13 3 1794 93.7744
13 4 9640 797.321
13 5 6575 160.171
13 6 2017 74.1323
13 7 126 974.752
13 8 9304 28.5833
13 9 6176 101.42
13 10 3850 24.3908
13 11 5411 73.5846
13 12 5035 54.6406
13 13 0 0
13 14 5020 57.5422
13 15 4896 539.039
13 16 7804 388.329
13 17 5819 70.6001
13 18 3355 581.321
13 19 5073 110.373
13 20 8375 13.0394
13 21 5113 901.008
13 22 2371 324.669
13 23 9303 823.572
13 24 2277 80.6643
13 25 2679 108.489
14 1 9420 292.322
14 2 6208 411.427
14 3 4524 998.693
14 4 4028 347.098
14 5 6273 105.523
14 6 8015 248.075
14 7 6040 442.131
14 8 237 89.2381
14 9 8256 42.2849
14 10 947 96.128
14 11 5245 29.4996
14 12 4078 484.168
14 13 5815 350.118
14 14 0 0
14 15 582 767.6
14 16 387 922.444
14 17 5056 728.847
14 18 7493 330.718
14 19 6759 363.901
14 20 7887 274.803
14 21 8603 538.848
14 22 155 77.5072
14 23 7643 18.1806
14 24 9590 365.049
14 25 9352 16.6124
15 1 2001 41.5402
15 2 8616 143.278
15 3 1607 51.0759
15 4 6049 472.516
15 5 1244 20.212
15 6 9469 13.6212
15 7 9757 259.681
15 8 1527 12.4847
15 9 987 86.3139
15 10 5367 55.3249
15 11 8693 442.275
15 12 7240 665.447
15 13 9021 46.0841
15 14 6430 108.059
15 15 0 0
15 16 6055 317.068
15 17 2505 76.3131
15 18 4023 920.057
15 19 4910 252.842
15 20 6540 145.655
15 21 7432 102.861
15 22 8168 389.317
15 23 9135 410.21
15 24 8094 720.14
15 25 6186 639.824
16 1 170 61.3163
16 2 4286 72.496
16 3 9840 504.063
16 4 4285 805.544
16 5 4320 71.1208
16 6 3184 306.107
16 7 2932 926.362
16 8 1917 797.376
16 9 6053 14.2427
16 10 2354 19.2275
16 11 4165 49.9434
16 12 5435 16.6026
16 13 9281 22.8261
16 14 1812 845.822
16 15 907 223.554
16 16 0 0
16 17 1202 12.4598
16 18 7119 82.2202
16 19 1000 83.864
16 20 85 739.361
16 21 9747 15.5204
16 22 2769 706.757
16 23 5206 971.087
16 24 9562 521.326
16 25 8916 35.7531
17 1 5475 54.2543
17 2 2131 30.2018
17 3 9019 56.4571
17 4 4307 70.9518
17 5 3484 13.7069
17 6 4643 467.366
17 7 7619 510.231
17 8 1638 77.8829
17 9 8283 628.118
17 10 3746 822.164
17 11 8665 15.6508
17 12 3711 972.36
17 13 5718 835.826
17 14 6672 573.268
17 15 9436 106.206
17 16 5471 16.4635
17 17 0 0
17 18 778 106.326
17 19 9523 15.7378
17 20 9845 51.3007
17 21 8323 168.412
17 22 2176 139.413
17 23 3256 63.9564
17 24 1821 51.3464
17 25 8638 483.314
18 1 1059 467.754
18 2 9169 106.146
18 3 2715 453.693
18 4 820 207.151
18 5 8688 41.7608
18 6 5883 41.639
18 7 7672 461.028
18 8 9531 26.4064
18 9 9943 75.7517
18 10 4279 405.957
18 11 6846 998.903
18 12 7481 483.423
18 13 7179 40.6883
18 14 7206 999.515
18 15 5553 30.0147
18 16 6855 65.6898
18 17 4860 97.1931
18 18 0 0
18 19 4583 30.1754
18 20 6089 518.727
18 21 5096 71.8676
18 22 4627 19.4869
18 23 4120 909.368
18 24 5398 19.6807
18 25 9238 75.0449
19 1 7867 627.672
19 2 4780 421.483
19 3 4650 200.295
19 4 6007 18.3519
19 5 2105 73.072
19 6 1119 255.363
19 7 1685 410.761
19 8 1216 65.4669
19 9 8879 90.3232
19 10 95 69.0143
19 11 5684 122.554
19 12 4333 698.071
19 13 8279 73.3086
19 14 8840 49.8627
19 15 8253 158.757
19 16 107 550.993
19 17 5035 107.129
19 18 3530 438.559
19 19 0 0
19 20 2130 396.214
19 21 1662 25.1142
19 22 9332 722.858
19 23 9749 37.1509
19 24 7064 48.3994
19 25 5194 102.224
20 1 8722 18.8007
20 2 3738 400.016
20 3 8041 54.6946
20 4 9907 45.3664
20 5 3456 10.954
20 6 6791 61.1379
20 7 2798 519.631
20 8 5695 72.1967
20 9 6616 35.9871
20 10 210 623.636
20 11 5188 86.6782
20 12 3657 360.029
20 13 3086 618.74
20 14 8810 953.676
20 15 4749 919.506
20 16 6133 319.461
20 17 6707 743.684
20 18 4859 39.473
20 19 1273 78.0668
20 20 0 0
20 21 7878 62.4586
20 22 3513 32.5111
20 23 9135 940.999
20 24 8501 28.3245
20 25 2996 963.141
21 1 6152 76.9246
21 2 6449 81.7776
21 3 1903 259.871
21 4 1844 988.391
21 5 2375 184.845
21 6 559 233.226
21 7 1591 55.7766
21 8 6897 740.503
21 9 7512 677.422
21 10 533 313.48
21 11 3162 1002.34
21 12 1560 84.3543
21 13 2518 16.8469
21 14 1539 57.6747
21 15 1614 600.346
21 16 2063 76.9137
21 17 9448 42.6754
21 18 8958 339.979
21 19 601 12.8842
21 20 7464 42.0837
21 21 0 0
21 22 4709 38.3379
21 23 7086 79.2235
21 24 3432 66.8113
21 25 7751 74.4696
22 1 3957 226.715
22 2 6972 974.838
22 3 4674 51.3652
22 4 6928 88.8266
22 5 9221 29.6816
22 6 55 301.142
22 7 5130 565.789
22 8 598 492.868
22 9 2909 89.0155
22 10 6669 82.7521
22 11 7371 37.3357
22 12 7390 70.2508
22 13 9989 948.201
22 14 4055 336.212
22 15 9189 507.044
22 16 2905 21.812
22 17 5734 502.919
22 18 840 623.781
22 19 6133 234.251
22 20 485 49.2795
22 21 9083 69.6162
22 22 0 0
22 23 6246 52.4698
22 24 7684 64.754
22 25 5551 39.144
23 1 2453 996.379
23 2 1694 76.1198
23 3 4386 44.7981
23 4 5240 43.0108
23 5 4045 309.813
23 6 4234 835.209
23 7 3558 65.0993
23 8 8678 703.88
23 9 6566 228.707
23 10 5544 63.9126
23 11 8892 54.3405
23 12 2183 105.122
23 13 1826 45.3724
23 14 246 30.6697
23 15 7098 1003.01
23 16 2587 60.2818
23 17 6086 473.641
23 18 4966 158.838
23 19 6617 26.0916
23 20 1028 448.075
23 21 4958 40.6528
23 22 7596 36.3319
23 23 0 0
23 24 1848 52.6567
23 25 6152 38.919
24 1 1348 474.972
24 2 9922 27.8161
24 3 5062 831.554
24 4 3149 109.131
24 5 9485 122.137
24 6 5401 83.1565
24 7 6450 151.037
24 8 7789 336.932
24 9 4759 105.045
24 10 4451 45.9568
24 11 2105 894.397
24 12 4470 92.4748
24 13 3076 10.5833
24 14 537 988.642
24 15 1883 53.7058
24 16 976 69.9786
24 17 6064 15.9523
24 18 6039 19.8962
24 19 5788 840.039
24 20 786 562.906
24 21 7631 57.4259
24 22 9772 68.711
24 23 3444 404.275
24 24 0 0
24 25 3790 45.9395
25 1 9424 641.31
25 2 610 47.0934
25 3 7432 11.6343
25 4 8497 97.4066
25 5 1401 30.7422
25 6 7993 54.2977
25 7 3480 96.9922
25 8 6508 963.229
25 9 9703 881.058
25 10 8126 454.964
25 11 1280 676.26
25 12 8650 74.7083
25 13 1988 21.8997
25 14 7746 32.3039
25 15 3713 296.141
25 16 999 268.753
25 17 407 510.442
25 18 4043 99.5605
25 19 6377 278.991
25 20 3188 72.6432
25 21 1365 104.657
25 22 88 676.463
25 23 5741 395.896
25 24 1683 120.823
25 25 0 0
157
469
134
305
320
350
60
227
194
53
123
399
261
0
307
276
40
194
93
405
361
135
346
30
12
