27
0.75
1 1 0 0
1 2 359 976.185
1 3 794 560.31
1 4 173 89.0307
1 5 485 53.8185
1 6 564 10.058
1 7 722 895.891
1 8 615 358.674
1 9 339 819.961
1 10 728 291.381
1 11 230 68.6871
1 12 923 234.494
1 13 828 106.554
1 14 417 32.8553
1 15 632 103.869
1 16 815 331.085
1 17 814 505.651
1 18 418 100.588
1 19 598 347.107
1 20 910 37.6345
1 21 342 106.335
1 22 630 50.0159
1 23 125 182.765
1 24 126 212.307
1 25 734 68.9312
1 26 766 267.241
1 27 526 196.499
2 1 441 725.781
2 2 0 0
2 3 964 908.007
2 4 54 16.8087
2 5 763 774.183
2 6 111 613.839
2 7 260 190.12
2 8 188 809.554
2 9 786 23.9683
2 10 804 977.62
2 11 424 52.8358
2 12 196 106.24
2 13 69 984.944
2 14 374 28.8574
2 15 597 36.9478
2 16 133 31.1402
2 17 593 38.544
2 18 747 66.0747
2 19 513 286.955
2 20 49 480.84
2 21 852 190.486
2 22 152 942.585
2 23 180 28.8116
2 24 636 188.777
2 25 243 396.456
2 26 893 212.49
2 27 812 32.5867
3 1 330 754.652
3 2 149 12.2034
3 3 0 0
3 4 944 11.1658
3 5 797 742.047
3 6 527 91.3166
3 7 153 604.287
3 8 343 57.7706
3 9 752 248.105
3 10 33 438.785
3 11 966 78.3889
3 12 762 323.272
3 13 130 400.21
3 14 272 79.4327
3 15 452 299.041
3 16 584 27.3009
3 17 695 713.513
3 18 393 27.365
3 19 46 39.5755
3 20 953 67.3046
3 21 608 876.054
3 22 752 63.8438
3 23 442 14.4374
3 24 516 236.081
3 25 122 90.9809
3 26 29 844.346
3 27 867 56.0158
4 1 179 23.6631
4 2 368 36.8258
4 3 753 500.982
4 4 0 0
4 5 854 727.277
4 6 252 309.692
4 7 811 13.8911
4 8 168 648.752
4 9 908 914.721
4 10 425 356.446
4 11 768 679.668
4 12 401 54.7401
4 13 495 76.2862
4 14 475 991.231
4 15 146 88.7866
4 16 980 865.373
4 17 231 35.9499
4 18 570 65.3209
4 19 73 89.0551
4 20 619 592.812
4 21 998 17.4221
4 22 752 70.6555
4 23 347 124.902
4 24 229 52.9945
4 25 474 969.471
4 26 960 85.2861
4 27 162 90.7428
5 1 984 556.373
5 2 131 54.7432
5 3 625 80.9555
5 4 717 620.706
5 5 0 0
5 6 261 41.0007
5 7 397 281.615
5 8 95 94.817
5 9 634 38.6599
5 10 904 237.943
5 11 199 181.148
5 12 180 106.103
5 13 619 404.33
5 14 384 65.0005
5 15 60 457.523
5 16 403 63.5508
5 17 711 34.2683
5 18 836 199.093
5 19 544 34.1615
5 20 566 64.3474
5 21 452 244.413
5 22 815 51.9019
5 23 263 10.5493
5 24 112 91.6584
5 25 235 332.306
5 26 262 313.659
5 27 218 112.481
6 1 918 134.363
6 2 892 805.16
6 3 879 880.815
6 4 379 20.8341
6 5 218 23.4953
6 6 0 0
6 7 827 122.583
6 8 788 52.5459
6 9 827 70.9577
6 10 600 25.6377
6 11 683 10.7538
6 12 753 305.083
6 13 896 149.958
6 14 317 148.157
6 15 313 67.4908
6 16 483 78.1417
6 17 628 22.0853
6 18 164 785.994
6 19 675 66.5386
6 20 162 362.153
6 21 300 40.839
6 22 692 16.3967
6 23 2 613.198
6 24 304 48.9508
6 25 181 721.203
6 26 407 23.7791
6 27 740 556.312
7 1 866 98.8394
7 2 269 54.7829
7 3 644 762.525
7 4 606 80.7907
7 5 23 611.764
7 6 792 61.2192
7 7 0 0
7 8 983 248.96
7 9 234 25.8055
7 10 927 51.6791
7 11 592 926.044
7 12 767 38.2632
7 13 253 92.4305
7 14 382 282.073
7 15 818 187.068
7 16 569 378.145
7 17 940 70.9455
7 18 922 603.005
7 19 326 631.662
7 20 708 33.3894
7 21 750 256.193
7 22 977 59.3789
7 23 151 57.0504
7 24 829 27.9937
7 25 884 20.6449
7 26 254 335.297
7 27 524 27.658
8 1 556 583.199
8 2 24 694.561
8 3 765 79.5547
8 4 637 993.489
8 5 391 49.3902
8 6 708 107.333
8 7 638 60.2701
8 8 0 0
8 9 425 27.3315
8 10 637 26.6448
8 11 956 55.1003
8 12 215 138.178
8 13 518 107.308
8 14 989 21.8992
8 15 741 908.74
8 16 669 65.1103
8 17 378 597.329
8 18 865 101.534
8 19 630 86.6503
8 20 5 98.9309
8 21 281 42.7372
8 22 958 812.576
8 23 263 316.803
8 24 590 51.3526
8 25 79 314.27
8 26 349 528.967
8 27 137 29.483
9 1 57 446.14
9 2 591 665.354
9 3 559 814.804
9 4 542 863.267
9 5 124 165.644
9 6 668 87.2515
9 7 476 870.805
9 8 778 30.1361
9 9 0 0
9 10 972 16.296
9 11 496 60.1511
9 12 277 69.7674
9 13 745 56.4187
9 14 41 29.6356
9 15 947 790.358
9 16 548 30.0507
9 17 595 93.6543
9 18 943 54.0382
9 19 782 78.6026
9 20 272 68.9434
9 21 404 109.344
9 22 202 173.121
9 23 503 45.8318
9 24 213 100.878
9 25 695 64.4359
9 26 921 794.997
9 27 511 779.28
10 1 788 67.3687
10 2 894 281.218
10 3 686 382.57
10 4 889 816.787
10 5 536 543.128
10 6 442 106.255
10 7 261 862.168
10 8 197 74.1957
10 9 409 813.613
10 10 0 0
10 11 641 932.758
10 12 876 103.579
10 13 333 94.7926
10 14 148 98.0612
10 15 41 74.9464
10 16 467 45.3923
10 17 231 249.723
10 18 890 79.1183
10 19 406 587.898
10 20 325 58.8876
10 21 252 913.378
10 22 512 53.1288
10 23 683 940.631
10 24 333 11.8921
10 25 159 48.3221
10 26 0 141.443
10 27 984 79.9759
11 1 332 64.854
11 2 241 59.6384
11 3 734 39.4931
11 4 264 64.445
11 5 418 185.39
11 6 156 84.2698
11 7 685 55.1735
11 8 231 965.626
11 9 619 59.2386
11 10 390 87.929
11 11 0 0
11 12 780 107.247
11 13 945 50.7361
11 14 308 224.179
11 15 32 938.098
11 16 963 995.748
11 17 869 723.126
11 18 255 174.403
11 19 695 28.5736
11 20 483 752.729
11 21 362 315.948
11 22 284 346.65
11 23 201 713.696
11 24 349 37.2866
11 25 474 76.1245
11 26 448 115.594
11 27 491 218.167
12 1 650 684.276
12 2 622 590.676
12 3 538 192.653
12 4 738 42.8074
12 5 475 892.565
12 6 329 65.6505
12 7 508 419.223
12 8 368 40.0027
12 9 562 36.2093
12 10 929 103.445
12 11 808 108.16
12 12 0 0
12 13 217 11.8921
12 14 569 873.247
12 15 603 19.4089
12 16 131 30.1422
12 17 789 100.32
12 18 809 699.23
12 19 6 46.607
12 20 14 44.5195
12 21 48 64.2863
12 22 407 826.706
12 23 841 100.381
12 24 875 756.666
12 25 128 610.208
12 26 74 81.3523
12 27 912 239.163
13 1 245 78.5751
13 2 814 103.033
13 3 680 69.74
13 4 356 681.194
13 5 476 27.8106
13 6 856 401.797
13 7 761 27.9449
13 8 195 51.5387
13 9 735 268.766
13 10 334 41.5317
13 11 764 73.6402
13 12 519 48.377
13 13 0 0
13 14 587 95.3328
13 15 627 19.9124
13 16 49 164.698
13 17 362 673.289
13 18 427 93.1263
13 19 349 910.479
13 20 264 99.0957
13 21 570 80.2048
13 22 376 344.391
13 23 191 901.14
13 24 264 79.1977
13 25 992 109.179
13 26 915 107.449
13 27 854 56.5407
14 1 290 51.8409
14 2 798 55.5458
14 3 297 109.374
14 4 514 103.677
14 5 496 225.613
14 6 98 35.8736
14 7 968 108.199
14 8 671 58.7686
14 9 432 585.579
14 10 925 273.771
14 11 415 34.4301
14 12 972 192.531
14 13 166 543.494
14 14 0 0
14 15 657 94.4691
14 16 355 422.61
14 17 43 77.0858
14 18 601 94.2982
14 19 794 292.876
14 20 527 405.245
14 21 266 35.4799
14 22 996 483.495
14 23 778 56.1287
14 24 635 35.837
14 25 24 231.015
14 26 352 283.904
14 27 547 17.6083
15 1 145 23.2298
15 2 43 497.014
15 3 73 24.5482
15 4 120 94.933
15 5 107 747.541
15 6 336 540.717
15 7 695 578.865
15 8 749 71.0126
15 9 954 633.188
15 10 700 82.0847
15 11 310 837.876
15 12 407 11.5473
15 13 555 81.2485
15 14 955 57.5173
15 15 0 0
15 16 527 784.621
15 17 214 47.6232
15 18 147 258.207
15 19 502 43.9854
15 20 328 57.9293
15 21 881 69.6637
15 22 389 83.278
15 23 617 261.839
15 24 251 70.8417
15 25 857 646.372
15 26 465 105.569
15 27 269 169.307
16 1 651 97.5484
16 2 707 93.9839
16 3 816 80.3055
16 4 906 355.561
16 5 324 417.361
16 6 184 89.4122
16 7 174 34.2317
16 8 457 475.987
16 9 75 380.861
16 10 150 32.7393
16 11 943 27.6031
16 12 577 628.152
16 13 68 80.2445
16 14 555 900.927
16 15 684 768.812
16 16 0 0
16 17 807 101.421
16 18 987 38.5348
16 19 176 911.547
16 20 904 280.486
16 21 970 62.3392
16 22 717 51.7859
16 23 180 237.088
16 24 423 64.0208
16 25 78 75.4592
16 26 464 926.044
16 27 515 42.8074
17 1 551 31.4148
17 2 929 54.676
17 3 809 79.5242
17 4 38 118.066
17 5 714 96.1507
17 6 125 246.305
17 7 13 27.3833
17 8 451 101.678
17 9 610 521.795
17 10 940 180.385
17 11 194 352.814
17 12 519 725.262
17 13 302 81.7948
17 14 585 73.4449
17 15 327 94.5363
17 16 618 792.159
17 17 0 0
17 18 565 83.809
17 19 6 472.935
17 20 225 100.97
17 21 547 112.268
17 22 969 940.631
17 23 689 412.264
17 24 752 57.9476
17 25 981 110.223
17 26 934 105.563
17 27 373 89.4183
18 1 354 48.4991
18 2 250 326.111
18 3 939 97.6888
18 4 69 104.873
18 5 6 99.9167
18 6 518 527.777
18 7 648 85.7927
18 8 202 185.207
18 9 739 62.2141
18 10 895 74.3056
18 11 689 94.5882
18 12 288 950.611
18 13 763 348.084
18 14 395 39.0841
18 15 218 103.728
18 16 262 22.2959
18 17 347 798.079
18 18 0 0
18 19 289 107.989
18 20 779 28.8604
18 21 548 93.0042
18 22 332 212.521
18 23 139 99.349
18 24 374 787.886
18 25 641 760.328
18 26 743 947.468
18 27 748 339.936
19 1 696 17.4862
19 2 941 60.676
19 3 508 467.808
19 4 246 586.159
19 5 589 983.663
19 6 706 990.712
19 7 316 221.859
19 8 470 52.4268
19 9 31 52.1064
19 10 882 17.5472
19 11 297 74.0309
19 12 396 14.9409
19 13 440 27.1331
19 14 549 98.818
19 15 571 26.4006
19 16 381 56.7605
19 17 213 58.1582
19 18 489 768.232
19 19 0 0
19 20 28 503.973
19 21 2 39.252
19 22 94 23.8371
19 23 822 26.2023
19 24 998 117.089
19 25 694 19.6133
19 26 28 21.0477
19 27 201 931.659
20 1 347 242.124
20 2 411 58.6984
20 3 27 565.895
20 4 153 706.89
20 5 102 198.787
20 6 805 104.082
20 7 392 544.165
20 8 120 239.377
20 9 376 434.207
20 10 403 17.5167
20 11 837 446.659
20 12 867 317.321
20 13 158 100.609
20 14 354 71.3849
20 15 907 751.874
20 16 589 101.949
20 17 434 517.401
20 18 499 953.937
20 19 247 178.126
20 20 0 0
20 21 664 66.7797
20 22 431 45.2123
20 23 143 18.9358
20 24 288 24.0996
20 25 421 216.58
20 26 457 102.346
20 27 978 743.177
21 1 183 28.0334
21 2 462 787.581
21 3 964 330.17
21 4 557 517.37
21 5 809 976.796
21 6 673 819.442
21 7 308 98.0276
21 8 368 36.9356
21 9 506 248.899
21 10 566 15.0417
21 11 77 82.3045
21 12 599 68.3148
21 13 995 67.1917
21 14 596 70.3137
21 15 460 748.823
21 16 499 134.363
21 17 902 372.957
21 18 408 62.9618
21 19 190 96.9655
21 20 876 32.8309
21 21 0 0
21 22 951 91.46
21 23 839 406.435
21 24 496 34.6284
21 25 188 39.8715
21 26 412 46.8145
21 27 133 737.561
22 1 279 57.3922
22 2 527 39.7098
22 3 785 705.547
22 4 54 93.4254
22 5 841 74.7298
22 6 873 13.0488
22 7 758 13.4577
22 8 909 109.084
22 9 356 113.824
22 10 400 467.259
22 11 594 574.44
22 12 58 434.818
22 13 134 34.9214
22 14 795 82.8751
22 15 749 909.93
22 16 25 19.003
22 17 44 265.745
22 18 402 28.6285
22 19 312 809.066
22 20 168 702.16
22 21 79 101.797
22 22 0 0
22 23 591 13.2105
22 24 800 77.7084
22 25 928 944.477
22 26 92 15.3591
22 27 101 902.483
23 1 187 12.0844
23 2 943 463.383
23 3 708 97.2433
23 4 367 1002.49
23 5 538 307.464
23 6 428 422.061
23 7 908 67.3046
23 8 267 170.863
23 9 984 55.0636
23 10 555 32.1015
23 11 957 522.375
23 12 784 393.526
23 13 345 588.814
23 14 707 364.32
23 15 655 89.0826
23 16 205 22.4668
23 17 727 98.8791
23 18 726 740.399
23 19 657 607.491
23 20 788 144.342
23 21 786 61.8174
23 22 257 635.965
23 23 0 0
23 24 981 25.8788
23 25 718 106.103
23 26 95 42.0994
23 27 140 69.1937
24 1 698 73.4236
24 2 47 897.997
24 3 803 219.845
24 4 219 43.9976
24 5 914 813.369
24 6 860 61.2284
24 7 511 24.8503
24 8 21 16.8575
24 9 45 98.7417
24 10 556 695.08
24 11 782 48.8501
24 12 835 207.302
24 13 709 359.498
24 14 797 13.2014
24 15 805 53.7635
24 16 133 107.803
24 17 565 11.7029
24 18 887 782.485
24 19 730 606.942
24 20 57 105.175
24 21 404 380.128
24 22 581 15.6215
24 23 961 53.0769
24 24 0 0
24 25 477 730.115
24 26 463 349.915
24 27 219 63.6729
25 1 603 989.156
25 2 182 109.982
25 3 157 56.0219
25 4 442 409.243
25 5 968 69.0533
25 6 89 439.212
25 7 836 81.6544
25 8 315 572.853
25 9 743 708.386
25 10 889 19.5523
25 11 461 103.606
25 12 611 37.5033
25 13 531 401.644
25 14 393 261.564
25 15 700 72.5324
25 16 515 827.713
25 17 257 107.989
25 18 68 200.405
25 19 372 169.459
25 20 10 553.138
25 21 576 655.68
25 22 195 84.7551
25 23 872 495.733
25 24 134 105.88
25 25 0 0
25 26 488 789.138
25 27 510 49.8083
26 1 516 58.7075
26 2 368 89.8059
26 3 918 18.7619
26 4 149 51.905
26 5 117 14.7548
26 6 271 777.693
26 7 279 84.6178
26 8 769 18.4292
26 9 751 854.356
26 10 864 37.4178
26 11 427 108.151
26 12 790 371.888
26 13 390 24.9907
26 14 387 718.792
26 15 708 795.882
26 16 667 91.7591
26 17 680 935.108
26 18 272 659.22
26 19 423 360.597
26 20 884 14.3092
26 21 313 556.983
26 22 851 71.2751
26 23 939 326.446
26 24 655 12.9847
26 25 718 11.5412
26 26 0 0
26 27 661 617.99
27 1 265 93.3186
27 2 653 30.3192
27 3 535 108.169
27 4 253 495.214
27 5 451 731.885
27 6 507 93.9656
27 7 735 54.3129
27 8 798 40.4544
27 9 399 172.816
27 10 88 98.3694
27 11 334 54.7645
27 12 977 450.26
27 13 381 512.579
27 14 641 293.578
27 15 929 75.1784
27 16 38 650.217
27 17 680 283.843
27 18 291 589.241
27 19 776 17.5808
27 20 30 85.9178
27 21 506 12.1973
27 22 936 720.501
27 23 112 910.113
27 24 692 394.594
27 25 76 41.9224
27 26 821 525.213
27 27 0 0
239
172
357
217
421
181
256
1
284
278
9
472
369
203
321
1
316
205
248
315
409
191
132
401
157
236
183
