26
0.75
1 1 0 0
1 2 833 42.3807
1 3 7810 597.812
1 4 5956 404.08
1 5 7371 90.0651
1 6 1929 76.4538
1 7 8343 241.548
1 8 974 590.303
1 9 3053 68.6096
1 10 8344 32.4574
1 11 7378 168.854
1 12 9349 843.705
1 13 7466 271.116
1 14 8115 39.3403
1 15 7905 105.906
1 16 9611 720.499
1 17 7963 57.5779
1 18 5328 699.062
1 19 6315 109.132
1 20 1577 607.824
1 21 5041 549.348
1 22 781 120.952
1 23 2040 56.8318
1 24 6135 485.888
1 25 1555 280.319
1 26 9015 103.13
2 1 567 77.7677
2 2 0 0
2 3 4611 79.6748
2 4 9731 10.243
2 5 2641 604.817
2 6 5431 92.847
2 7 1922 87.2724
2 8 6595 761.387
2 9 3613 362.27
2 10 5284 106.945
2 11 2627 50.3589
2 12 6627 329.214
2 13 9275 104.788
2 14 1546 879.882
2 15 2844 77.1324
2 16 4219 67.6777
2 17 345 755.096
2 18 9628 10.9985
2 19 3181 73.2562
2 20 5472 916.229
2 21 4406 89.0042
2 22 5946 109.45
2 23 8055 109.538
2 24 2413 58.1743
2 25 1689 54.4918
2 26 4755 492.727
3 1 5709 23.4518
3 2 5332 521.242
3 3 0 0
3 4 5664 91.218
3 5 9192 330.333
3 6 175 508.907
3 7 1278 558.237
3 8 9418 24.6001
3 9 5560 998.947
3 10 5787 17.9505
3 11 9091 22.4919
3 12 905 71.6378
3 13 9501 76.3887
3 14 1476 100.641
3 15 6795 706.205
3 16 743 12.7357
3 17 5946 32.9588
3 18 5385 705.975
3 19 4687 359.776
3 20 9046 16.0871
3 21 7659 60.0585
3 22 1096 255.695
3 23 9704 14.1296
3 24 3111 907.373
3 25 7201 54.6488
3 26 4742 69.4872
4 1 9197 142.564
4 2 3808 15.4064
4 3 2981 364.748
4 4 0 0
4 5 5482 61.636
4 6 3000 108.382
4 7 6642 249.848
4 8 8469 428.969
4 9 7461 13.2424
4 10 5634 171.429
4 11 8532 22.6319
4 12 6330 52.5999
4 13 6659 70.8708
4 14 6233 830.446
4 15 6021 15.0159
4 16 9105 387.353
4 17 7281 91.4518
4 18 1454 988.035
4 19 7477 63.1789
4 20 3180 392.187
4 21 1709 235.433
4 22 7455 74.2644
4 23 2718 22.8268
4 24 9234 123.419
4 25 8043 379.494
4 26 1839 105.736
5 1 4634 47.7612
5 2 7524 97.5935
5 3 6566 59.3629
5 4 4870 138.066
5 5 0 0
5 6 9637 235.735
5 7 1963 48.1506
5 8 1044 737.946
5 9 7040 329.116
5 10 2933 60.9766
5 11 4205 91.6256
5 12 207 232.404
5 13 1229 106.806
5 14 2093 57.2184
5 15 6612 777.211
5 16 419 11.4566
5 17 8398 350.567
5 18 3233 27.1214
5 19 7934 125.215
5 20 8735 1003.02
5 21 1657 864.775
5 22 5805 87.8456
5 23 7516 486.746
5 24 5540 12.951
5 25 58 36.7927
5 26 7899 67.4183
6 1 3476 183.712
6 2 4243 23.0778
6 3 6568 67.3649
6 4 6035 625.744
6 5 7041 636.557
6 6 0 0
6 7 1424 66.3452
6 8 3819 90.4039
6 9 8102 32.4255
6 10 7192 41.7727
6 11 9607 222.522
6 12 1335 144.375
6 13 693 474.791
6 14 2371 103.172
6 15 2467 864.27
6 16 3914 84.2215
6 17 7269 421.808
6 18 2739 95.4543
6 19 1554 83.1209
6 20 2158 92.1257
6 21 7517 22.281
6 22 1696 660.433
6 23 9447 84.4693
6 24 355 586.802
6 25 8705 36.1978
6 26 3232 803.234
7 1 9242 35.346
7 2 5244 46.1599
7 3 8753 40.2421
7 4 5309 95.3639
7 5 4972 105.774
7 6 1992 28.891
7 7 0 0
7 8 2549 730.858
7 9 4536 78.4363
7 10 871 75.3073
7 11 7591 34.2732
7 12 793 17.9897
7 13 5548 82.8021
7 14 2027 1001.14
7 15 8334 103.516
7 16 4364 45.2868
7 17 3372 108.172
7 18 6695 124.45
7 19 1376 225.845
7 20 6140 31.7625
7 21 3454 984.058
7 22 7233 237.359
7 23 7449 399.337
7 24 491 64.5447
7 25 7913 436.896
7 26 8224 864.943
8 1 8943 105.24
8 2 1765 46.9695
8 3 6138 95.1524
8 4 1473 984.69
8 5 123 10.1169
8 6 1672 82.4195
8 7 8068 26.9115
8 8 0 0
8 9 8201 47.2088
8 10 7178 645.535
8 11 307 823.095
8 12 8912 872.51
8 13 4986 107.269
8 14 4726 874.496
8 15 5372 232.288
8 16 1444 79.9139
8 17 6884 547.782
8 18 8839 91.8114
8 19 151 278.156
8 20 1905 97.9051
8 21 9731 84.4315
8 22 7048 226.816
8 23 877 288.276
8 24 1561 53.1459
8 25 9532 82.727
8 26 4580 64.8273
9 1 158 490.214
9 2 3499 760.451
9 3 4758 758.321
9 4 8073 29.2715
9 5 1357 109.02
9 6 5540 61.6045
9 7 6859 64.921
9 8 3433 55.9387
9 9 0 0
9 10 7750 108.102
9 11 7637 54.0044
9 12 6863 58.6382
9 13 3454 106.131
9 14 8182 13.3948
9 15 6543 17.6378
9 16 4773 82.4137
9 17 6825 800.319
9 18 4317 23.7436
9 19 9531 748.177
9 20 6250 55.7041
9 21 9845 526.314
9 22 1762 71.5135
9 23 5236 39.1286
9 24 1810 372.881
9 25 5285 19.8075
9 26 3917 385.918
10 1 3789 104.073
10 2 8302 19.3159
10 3 1981 95.9962
10 4 2738 63.5812
10 5 2810 774.135
10 6 425 19.3205
10 7 2093 13.2351
10 8 4961 34.4677
10 9 6492 66.585
10 10 0 0
10 11 8407 108.603
10 12 2062 505.407
10 13 9351 620.033
10 14 3484 889.117
10 15 1542 772.044
10 16 3981 366.919
10 17 2084 20.3784
10 18 2716 58.9022
10 19 2035 57.3944
10 20 8223 102.499
10 21 1472 431.064
10 22 9258 28.3776
10 23 8407 27.0955
10 24 6884 530.035
10 25 3278 106.919
10 26 7485 985.473
11 1 5704 65.1855
11 2 9697 92.3467
11 3 1051 581.604
11 4 1577 76.2477
11 5 2912 29.4161
11 6 8973 64.2573
11 7 3549 74.844
11 8 1296 531.079
11 9 4193 30.4508
11 10 1332 78.2369
11 11 0 0
11 12 5521 37.0967
11 13 3539 97.9451
11 14 7477 521.056
11 15 5002 51.0458
11 16 2606 153.508
11 17 5048 79.6234
11 18 8039 66.4042
11 19 9985 366.966
11 20 4370 964.122
11 21 6386 127.556
11 22 6364 30.4186
11 23 2742 327.795
11 24 1884 104.74
11 25 8530 576.96
11 26 4550 278.96
12 1 4122 484.468
12 2 150 377.261
12 3 7395 128.293
12 4 2740 257.6
12 5 5815 82.4375
12 6 459 534.091
12 7 8727 711.933
12 8 3964 91.3683
12 9 9926 244.002
12 10 8190 832.311
12 11 8019 14.0457
12 12 0 0
12 13 4738 53.1012
12 14 8250 652.416
12 15 3497 205.749
12 16 3730 21.146
12 17 3929 17.192
12 18 9614 358.093
12 19 678 91.9433
12 20 8245 1006.99
12 21 22 39.1235
12 22 8615 94.5665
12 23 5426 45.6516
12 24 8492 397.831
12 25 504 39.6575
12 26 3127 13.6871
13 1 5451 82.6275
13 2 194 66.8973
13 3 3745 892.759
13 4 693 625.039
13 5 3216 43.2772
13 6 5864 314.918
13 7 5464 10.5946
13 8 5814 813.116
13 9 4309 824.72
13 10 6393 38.836
13 11 7882 104.841
13 12 5586 328.959
13 13 0 0
13 14 4584 111.942
13 15 2490 388.727
13 16 5581 48.3315
13 17 8399 948.018
13 18 2612 18.3293
13 19 5662 35.0152
13 20 9447 91.01
13 21 3817 87.1617
13 22 8853 53.3432
13 23 1190 23.8376
13 24 7737 244.542
13 25 8228 551.363
13 26 4557 65.8324
14 1 9450 79.1868
14 2 1521 52.7091
14 3 6198 58.606
14 4 1028 643.926
14 5 163 177.263
14 6 379 22.2944
14 7 6183 32.7244
14 8 1417 59.1347
14 9 6178 57.1377
14 10 7511 20.9009
14 11 2280 39.4803
14 12 6350 43.3677
14 13 7888 33.1577
14 14 0 0
14 15 2710 89.1619
14 16 8773 838.523
14 17 5175 73.0648
14 18 9797 24.6403
14 19 929 79.4748
14 20 6805 47.7625
14 21 9913 583.76
14 22 2188 676.47
14 23 8380 69.3772
14 24 4750 448.96
14 25 6960 55.2186
14 26 811 81.446
15 1 6470 109.74
15 2 6440 83.4433
15 3 8263 73.9399
15 4 2379 32.0461
15 5 665 755.359
15 6 4030 704.466
15 7 8277 23.697
15 8 8575 59.9959
15 9 7474 279.496
15 10 6002 89.5047
15 11 7027 19.7249
15 12 4575 54.5674
15 13 7535 362.023
15 14 972 96.5429
15 15 0 0
15 16 3769 55.7271
15 17 7084 33.6557
15 18 3199 59.809
15 19 7520 67.5548
15 20 1582 80.0507
15 21 8097 76.4587
15 22 2190 39.6311
15 23 9036 32.6327
15 24 8432 70.1039
15 25 4012 21.5194
15 26 6228 24.6419
16 1 1346 36.8472
16 2 1554 157.824
16 3 7936 47.8246
16 4 8890 49.8698
16 5 7728 76.1367
16 6 7966 890.714
16 7 3370 64.1347
16 8 3085 926.064
16 9 5373 63.044
16 10 8965 127.726
16 11 879 433.28
16 12 5145 151.568
16 13 41 50.9559
16 14 493 82.7214
16 15 3977 46.4028
16 16 0 0
16 17 6495 49.9506
16 18 7778 103.09
16 19 6050 413.875
16 20 7901 27.0463
16 21 1601 106.09
16 22 3623 73.8027
16 23 4698 42.8315
16 24 4379 87.8593
16 25 6538 460.859
16 26 52 760.137
17 1 2076 351.013
17 2 2096 529.797
17 3 1853 522.818
17 4 3426 931.114
17 5 3533 869.878
17 6 8400 485.531
17 7 5727 13.6543
17 8 714 79.0739
17 9 4003 826.363
17 10 4482 91.2115
17 11 9881 349.361
17 12 4518 37.8815
17 13 5412 694.611
17 14 8351 482.815
17 15 8708 183.865
17 16 1802 100.549
17 17 0 0
17 18 4863 19.0963
17 19 6685 881.859
17 20 6365 75.7734
17 21 8044 185.803
17 22 2053 800.094
17 23 4886 100.011
17 24 4322 446.758
17 25 5467 813.903
17 26 3518 27.2012
18 1 2782 73.7176
18 2 6880 93.7422
18 3 6864 815.582
18 4 3465 330.247
18 5 3221 93.2278
18 6 2537 19.1811
18 7 3488 53.9858
18 8 4524 406.216
18 9 202 57.3705
18 10 1243 69.3437
18 11 238 71.5292
18 12 9234 24.8001
18 13 6662 838.504
18 14 3238 84.7144
18 15 2963 68.7082
18 16 6673 26.0433
18 17 601 816.559
18 18 0 0
18 19 9266 814.273
18 20 4431 848.187
18 21 8095 391.116
18 22 1672 616.925
18 23 610 431.1
18 24 6126 101.461
18 25 1255 969.302
18 26 2364 222.921
19 1 3848 95.1267
19 2 7760 674.433
19 3 8987 562.533
19 4 4555 962.323
19 5 3578 677.709
19 6 5927 97.0701
19 7 4384 29.8475
19 8 9477 58.8455
19 9 7128 64.622
19 10 4449 702.02
19 11 1014 85.8132
19 12 2064 846.367
19 13 1087 376.582
19 14 2609 754.994
19 15 9534 54.5309
19 16 403 70.9623
19 17 4510 30.7247
19 18 8384 99.8963
19 19 0 0
19 20 7744 974.616
19 21 9476 25.1348
19 22 6543 56.2424
19 23 5620 90.9732
19 24 6363 258.376
19 25 5334 176.447
19 26 6021 412.132
20 1 6519 43.6547
20 2 2148 586.616
20 3 6223 64.344
20 4 8517 25.1625
20 5 286 46.0474
20 6 6598 392.908
20 7 8597 80.1942
20 8 395 18.6765
20 9 981 108.515
20 10 1260 81.7684
20 11 4812 105.206
20 12 266 65.8994
20 13 5656 83.6949
20 14 458 107.438
20 15 4504 91.752
20 16 9540 105.838
20 17 5636 165.085
20 18 4855 34.4013
20 19 8285 601.741
20 20 0 0
20 21 4887 953.265
20 22 4195 753.892
20 23 9318 15.4586
20 24 8412 92.5938
20 25 2567 82.6878
20 26 9525 105.206
21 1 8764 919.474
21 2 3178 74.5375
21 3 8387 979.491
21 4 755 140.199
21 5 1968 39.3947
21 6 8048 96.2866
21 7 8217 183.504
21 8 8273 90.2476
21 9 791 303.224
21 10 4287 807.372
21 11 9047 685.394
21 12 4374 320.199
21 13 2513 87.1981
21 14 3858 24.7504
21 15 9392 431.924
21 16 3078 322.924
21 17 3376 87.2568
21 18 3258 369.85
21 19 5674 821.719
21 20 3788 20.2559
21 21 0 0
21 22 2103 14.989
21 23 6512 622.09
21 24 9003 104.424
21 25 4431 300.361
21 26 4729 34.2187
22 1 7488 752.984
22 2 6903 546.644
22 3 2293 687.755
22 4 8422 34.891
22 5 4209 107.699
22 6 2828 91.4042
22 7 9394 76.9549
22 8 9789 198.882
22 9 2402 44.1532
22 10 7987 35.77
22 11 8513 241.331
22 12 4732 135.292
22 13 8509 123.087
22 14 823 109.719
22 15 2463 17.0827
22 16 1366 23.1369
22 17 5634 864.21
22 18 3290 64.955
22 19 9551 999.368
22 20 5571 42.1169
22 21 9799 106.688
22 22 0 0
22 23 8961 33.9418
22 24 5488 101.136
22 25 3584 44.2546
22 26 7978 354.703
23 1 2458 30.3872
23 2 5480 51.949
23 3 9908 164.1
23 4 8392 26.846
23 5 8067 85.2933
23 6 15 159.704
23 7 5372 20.1758
23 8 96 155.737
23 9 130 105.94
23 10 2952 801.65
23 11 6420 71.9481
23 12 3361 266.932
23 13 9521 47.3552
23 14 4691 25.8223
23 15 7623 105.248
23 16 2658 24.0146
23 17 8307 584.166
23 18 2952 768.223
23 19 4157 77.9273
23 20 6393 43.4507
23 21 8477 804.751
23 22 5421 201.374
23 23 0 0
23 24 5565 47.8589
23 25 2197 100.594
23 26 4870 772.805
24 1 5506 280.345
24 2 257 49.5439
24 3 1732 387.506
24 4 1771 22.7903
24 5 311 108.917
24 6 8034 40.6023
24 7 4693 108.837
24 8 4826 88.7106
24 9 8341 534.929
24 10 7277 58.0766
24 11 8758 417.551
24 12 95 55.4988
24 13 9365 82.4835
24 14 6664 46.2829
24 15 8475 338.368
24 16 1397 423.104
24 17 908 33.6516
24 18 4015 65.5376
24 19 241 253.72
24 20 629 969.286
24 21 9153 164.715
24 22 8473 94.4019
24 23 3247 611.366
24 24 0 0
24 25 6427 194.977
24 26 8523 284.127
25 1 2280 213.323
25 2 6175 777.313
25 3 8334 167.474
25 4 7969 85.2394
25 5 9982 55.8015
25 6 9243 13.7144
25 7 7610 770.124
25 8 1692 12.2396
25 9 3221 30.1464
25 10 3968 52.5232
25 11 6950 78.2874
25 12 3847 38.0414
25 13 5706 41.6688
25 14 3705 588.803
25 15 2537 601.688
25 16 3127 93.6108
25 17 6937 729.616
25 18 7711 79.7198
25 19 7517 503.69
25 20 3021 57.192
25 21 9050 970.258
25 22 7000 381.806
25 23 7781 104.308
25 24 8111 739.623
25 25 0 0
25 26 1880 985.149
26 1 2421 648.946
26 2 8887 97.5729
26 3 9752 62.9516
26 4 967 30.1674
26 5 2606 17.7179
26 6 3194 53.0159
26 7 1363 473.937
26 8 3289 955.825
26 9 3657 43.2988
26 10 4084 57.8751
26 11 905 84.0198
26 12 7011 95.4783
26 13 2715 592.63
26 14 6061 104.613
26 15 6623 24.6761
26 16 8369 70.9742
26 17 4601 11.7951
26 18 9167 75.1801
26 19 4124 92.7981
26 20 9531 135.294
26 21 7925 23.5427
26 22 2434 704.489
26 23 2698 532.096
26 24 78 325.446
26 25 8442 66.8229
26 26 0 0
164
53
114
146
155
395
36
174
317
468
298
44
53
182
59
22
107
128
444
393
208
60
92
207
473
22
