9
0.25
1 1 0 0
1 2 2896 238.482
1 3 3853 768.405
1 4 1730 510.921
1 5 2007 952.185
1 6 7435 109.914
1 7 9199 898.701
1 8 9538 40.4672
1 9 9400 108.667
2 1 6336 270.408
2 2 0 0
2 3 1074 34.6823
2 4 1950 189.585
2 5 5145 107.556
2 6 1232 98.8141
2 7 3152 797.516
2 8 2759 583.122
2 9 665 72.22
3 1 8350 967.761
3 2 4062 852.154
3 3 0 0
3 4 3497 61.0339
3 5 298 66.0836
3 6 5130 70.927
3 7 8659 20.882
3 8 281 27.0899
3 9 1187 39.4705
4 1 6002 12.1091
4 2 5374 88.3626
4 3 2175 52.5953
4 4 0 0
4 5 8066 41.0619
4 6 7785 99.9128
4 7 9287 35.9428
4 8 4745 26.8229
4 9 7055 864.013
5 1 6423 17.5183
5 2 4578 43.2662
5 3 2584 66.8634
5 4 1524 88.224
5 5 0 0
5 6 6950 872.181
5 7 4752 21.313
5 8 682 62.176
5 9 7428 44.8481
6 1 9712 850.115
6 2 9484 27.6246
6 3 4593 43.2437
6 4 3568 206.827
6 5 2264 566.934
6 6 0 0
6 7 3440 995.878
6 8 4115 555.881
6 9 2638 204.703
7 1 5776 87.4498
7 2 674 805.606
7 3 334 91.8861
7 4 3536 55.3533
7 5 7994 720.506
7 6 7638 70.6868
7 7 0 0
7 8 3655 447.325
7 9 8401 32.2967
8 1 896 84.742
8 2 9669 446.637
8 3 9138 70.1237
8 4 737 150.348
8 5 104 323.397
8 6 8338 38.8614
8 7 2494 102.001
8 8 0 0
8 9 5347 38.2776
9 1 1475 80.9565
9 2 3462 86.9016
9 3 9185 34.3367
9 4 1945 1004.8
9 5 6496 146.444
9 6 9872 29.006
9 7 9502 60.413
9 8 8745 101.877
9 9 0 0
291
477
376
233
325
362
139
152
356
