13
0.25
1 1 0 0
1 2 4918 29.4225
1 3 9145 586.044
1 4 7060 603.512
1 5 7711 980.618
1 6 1628 125.568
1 7 9981 251.247
1 8 9668 118.651
1 9 713 70.434
1 10 4487 74.9234
1 11 9647 74.9072
1 12 9654 92.5383
1 13 8856 93.3439
2 1 297 224.926
2 2 0 0
2 3 9207 53.9853
2 4 5060 72.0051
2 5 8552 826.346
2 6 8019 127.675
2 7 9133 91.6595
2 8 8193 51.1582
2 9 7861 19.8083
2 10 812 53.1888
2 11 8558 634.233
2 12 8750 37.6825
2 13 5875 63.7269
3 1 5411 91.1742
3 2 1599 25.0202
3 3 0 0
3 4 5484 811.517
3 5 3032 96.2267
3 6 1624 862.173
3 7 6380 82.0291
3 8 9398 58.0371
3 9 9244 42.664
3 10 7767 845.142
3 11 9323 69.9388
3 12 4327 599.996
3 13 4407 102.254
4 1 3194 93.8251
4 2 6707 54.5796
4 3 8363 44.9511
4 4 0 0
4 5 9946 29.8628
4 6 159 74.2222
4 7 2303 60.5674
4 8 1587 72.2423
4 9 8308 217.396
4 10 8026 710.445
4 11 9449 731.62
4 12 3833 97.2685
4 13 2846 925.064
5 1 8324 31.6016
5 2 2108 828.464
5 3 4765 413.736
5 4 7105 219.303
5 5 0 0
5 6 392 95.9399
5 7 7022 73.085
5 8 5576 70.9247
5 9 7815 971.364
5 10 5340 58.2371
5 11 3635 435.462
5 12 8436 75.2905
5 13 1367 11.6871
6 1 1512 33.7653
6 2 1917 89.5621
6 3 8178 11.7415
6 4 766 748.178
6 5 6300 567.298
6 6 0 0
6 7 1811 16.477
6 8 1707 28.3129
6 9 9181 760.628
6 10 7292 223.061
6 11 4405 101.994
6 12 465 16.9893
6 13 8335 40.5142
7 1 6671 141.359
7 2 708 180.969
7 3 1457 641.366
7 4 594 222.997
7 5 6624 647.48
7 6 3381 109.209
7 7 0 0
7 8 7358 29.1876
7 9 5935 35.8454
7 10 8518 11.0283
7 11 2574 861.099
7 12 8858 1000.2
7 13 466 38.6999
8 1 8067 382.332
8 2 3591 317.128
8 3 7556 62.7529
8 4 8951 101.577
8 5 7763 94.9062
8 6 2430 107.811
8 7 670 505.602
8 8 0 0
8 9 3996 73.9181
8 10 4325 30.447
8 11 6189 30.8884
8 12 6705 400.603
8 13 5822 316.924
9 1 1703 12.2616
9 2 2408 730.81
9 3 7118 162.132
9 4 9476 62.9645
9 5 1185 783.288
9 6 1764 105.296
9 7 3198 47.379
9 8 8510 26.715
9 9 0 0
9 10 4760 60.4003
9 11 7054 11.5716
9 12 2337 925.286
9 13 3587 94.0193
10 1 537 792.522
10 2 4192 103.415
10 3 6840 563.532
10 4 3351 75.0949
10 5 6299 87.501
10 6 8192 92.3392
10 7 2198 185.62
10 8 34 516.518
10 9 7995 133.213
10 10 0 0
10 11 7284 17.8458
10 12 9556 56.383
10 13 8928 138.391
11 1 1476 60.255
11 2 7872 82.5023
11 3 4814 801.876
11 4 277 55.5284
11 5 6802 102.413
11 6 7445 68.9022
11 7 8028 85.6878
11 8 256 460.316
11 9 5592 400.146
11 10 4802 738.5
11 11 0 0
11 12 3716 1005.02
11 13 9869 106.3
12 1 8675 68.5391
12 2 6036 245.985
12 3 4111 18.1932
12 4 363 637.234
12 5 5496 98.7608
12 6 8198 87.8339
12 7 8409 149.62
12 8 3018 85.3974
12 9 9865 65.5551
12 10 4846 107.883
12 11 1312 41.9201
12 12 0 0
12 13 9210 445.162
13 1 9437 23.1002
13 2 4191 305.059
13 3 3507 53.3852
13 4 1731 680.593
13 5 6147 18.3741
13 6 9017 147.126
13 7 9267 969.139
13 8 8375 70.0036
13 9 4213 88.4839
13 10 4298 315.424
13 11 5261 627.077
13 12 7552 653.929
13 13 0 0
319
234
54
91
317
288
476
316
430
66
185
91
15
