17
0.75
1 1 0 0
1 2 4650 108.715
1 3 5238 72.6025
1 4 5849 592.191
1 5 3082 370.4
1 6 5728 96.8248
1 7 501 276.808
1 8 3634 87.9517
1 9 7160 107.233
1 10 3216 50.9682
1 11 235 836.713
1 12 1774 60.7474
1 13 8486 367.411
1 14 4466 88.9692
1 15 5713 443.009
1 16 7602 106.118
1 17 8014 925.575
2 1 553 221.179
2 2 0 0
2 3 8447 27.8295
2 4 1242 48.7131
2 5 2510 524.493
2 6 7041 740.021
2 7 2833 306.73
2 8 3019 103.4
2 9 9227 70.922
2 10 5382 984.59
2 11 9859 563.635
2 12 6135 818.254
2 13 1746 557.691
2 14 8380 94.4993
2 15 1083 339.291
2 16 5972 856.783
2 17 401 48.4619
3 1 5960 66.8822
3 2 2147 108.158
3 3 0 0
3 4 4747 993.305
3 5 9490 452.232
3 6 3229 72.5175
3 7 9598 41.1649
3 8 2110 483.987
3 9 332 62.1871
3 10 853 38.2015
3 11 5447 36.1892
3 12 6247 828.914
3 13 6775 752.773
3 14 6393 56.6478
3 15 5407 18.6148
3 16 5478 527.356
3 17 7160 107.128
4 1 1604 636.222
4 2 6405 530.888
4 3 1369 26.9774
4 4 0 0
4 5 6242 312.899
4 6 208 31.6995
4 7 9936 94.606
4 8 1003 809.314
4 9 8793 61.3463
4 10 9517 165.792
4 11 2958 930.905
4 12 3566 904.375
4 13 3369 931.195
4 14 3451 340.657
4 15 2487 106.954
4 16 880 32.2471
4 17 942 75.8265
5 1 4820 268.507
5 2 6318 16.5031
5 3 2221 354.484
5 4 2112 907.626
5 5 0 0
5 6 8293 987.577
5 7 6522 68.3245
5 8 9836 671.739
5 9 9087 16.9837
5 10 6076 64.4509
5 11 696 100.467
5 12 2428 99.3095
5 13 369 986.26
5 14 7222 250.314
5 15 4817 30.2614
5 16 6666 93.4441
5 17 7078 772.018
6 1 9753 516.233
6 2 2414 33.686
6 3 7655 35.6798
6 4 2035 793.042
6 5 9140 76.1653
6 6 0 0
6 7 2676 701.944
6 8 5085 935.262
6 9 8588 61.7399
6 10 6145 399.26
6 11 1321 53.522
6 12 7486 586.473
6 13 8091 153.678
6 14 8327 20.6375
6 15 2724 697.037
6 16 8575 64.3928
6 17 7053 945.555
7 1 4476 878.422
7 2 3065 78.7011
7 3 1286 298.951
7 4 3783 661.819
7 5 3431 93.3938
7 6 66 507.048
7 7 0 0
7 8 5479 81.0986
7 9 9395 12.0261
7 10 8862 42.9543
7 11 6309 63.1927
7 12 8456 613.674
7 13 2527 88.5097
7 14 9691 288.81
7 15 263 101.925
7 16 376 56.8448
7 17 7080 53.2623
8 1 9141 14.8639
8 2 567 67.3295
8 3 9745 799.631
8 4 5815 369.301
8 5 7805 984.248
8 6 7152 569.734
8 7 8797 73.3159
8 8 0 0
8 9 5236 593.784
8 10 5086 94.6827
8 11 4890 109.876
8 12 6387 193.265
8 13 4255 516.714
8 14 1220 75.6144
8 15 5855 27.5485
8 16 1567 10.2914
8 17 6478 1008.98
9 1 7 95.8576
9 2 9792 878.018
9 3 3263 689.127
9 4 6555 22.5843
9 5 9735 80.5213
9 6 4634 138.221
9 7 7000 51.513
9 8 5694 905.481
9 9 0 0
9 10 7027 111.201
9 11 5806 645.965
9 12 4559 294.869
9 13 9329 42.6722
9 14 6732 78.078
9 15 792 825.49
9 16 1292 26.3473
9 17 1022 783.371
10 1 549 31.8476
10 2 5972 298.421
10 3 3105 44.2507
10 4 6106 45.498
10 5 8479 98.5575
10 6 5374 577.452
10 7 2027 108.439
10 8 9875 108.323
10 9 7458 572.717
10 10 0 0
10 11 219 916.124
10 12 9708 530.164
10 13 9851 16.0981
10 14 6502 714.06
10 15 1228 459.694
10 16 509 306.866
10 17 7055 114.153
11 1 4306 83.9572
11 2 1878 98.2251
11 3 9974 668.032
11 4 1034 782.128
11 5 9691 362.761
11 6 2947 825.061
11 7 6495 15.4507
11 8 7362 182.301
11 9 7707 90.4408
11 10 5737 245.698
11 11 0 0
11 12 9836 802.891
11 13 4034 25.6769
11 14 1827 24.2821
11 15 858 924.52
11 16 5797 255.237
11 17 6251 363.449
12 1 5486 62.7577
12 2 9313 120.127
12 3 3836 466.08
12 4 240 55.101
12 5 3899 672.369
12 6 6840 84.5506
12 7 1643 77.0784
12 8 9413 11.3786
12 9 6723 10.968
12 10 3280 188.629
12 11 5287 591.615
12 12 0 0
12 13 9247 102.27
12 14 6388 75.1571
12 15 3571 75.1019
12 16 7851 36.7443
12 17 9887 109.817
13 1 7908 149.523
13 2 5538 44.9546
13 3 6515 410.362
13 4 6881 74.4733
13 5 3233 99.772
13 6 2064 223.829
13 7 3442 775.361
13 8 8722 366.725
13 9 9993 32.3617
13 10 3444 25.8931
13 11 3108 329.434
13 12 7166 94.7948
13 13 0 0
13 14 6474 668.993
13 15 3183 1007.81
13 16 3544 31.7838
13 17 3042 94.6663
14 1 3696 1004.41
14 2 2989 21.7158
14 3 7514 76.5916
14 4 7522 313.054
14 5 9855 20.3122
14 6 9802 83.6905
14 7 9482 228.187
14 8 5618 65.665
14 9 5137 940.922
14 10 9679 932.619
14 11 8491 55.4439
14 12 4315 187.952
14 13 721 168.261
14 14 0 0
14 15 8265 76.2809
14 16 482 699.761
14 17 7984 47.8642
15 1 6311 88.9959
15 2 8328 29.1186
15 3 4566 369.944
15 4 962 492.99
15 5 3227 87.4153
15 6 7509 1008.79
15 7 6178 523.64
15 8 9228 64.2305
15 9 2806 34.3721
15 10 3669 947.323
15 11 8039 57.1058
15 12 9686 513.919
15 13 851 43.7128
15 14 2372 37.8279
15 15 0 0
15 16 9997 18.4279
15 17 3774 54.6125
16 1 339 58.0973
16 2 6262 95.474
16 3 9067 880.481
16 4 2255 641.317
16 5 8334 97.4154
16 6 434 91.7179
16 7 6877 11.7041
16 8 2800 50.4663
16 9 5178 912.665
16 10 1559 106.548
16 11 3553 87.1074
16 12 4585 487.694
16 13 2921 758.155
16 14 9043 282.216
16 15 934 438.519
16 16 0 0
16 17 3963 306.06
17 1 7401 16.6025
17 2 4871 108.357
17 3 983 97.6046
17 4 5316 183.246
17 5 1733 998.751
17 6 59 93.6201
17 7 5874 267.9
17 8 1985 59.7571
17 9 2061 59.2536
17 10 492 81.3853
17 11 3317 675.439
17 12 7739 391.009
17 13 3426 23.8841
17 14 9433 33.2135
17 15 6828 58.0252
17 16 8656 109.093
17 17 0 0
30
164
289
165
149
58
22
62
261
82
406
279
132
75
50
253
314
