29
0.75
1 1 0 0
1 2 283 232.053
1 3 7 911.639
1 4 98 702.19
1 5 483 54.7829
1 6 236 96.8038
1 7 91 13.766
1 8 449 582.069
1 9 585 89.0368
1 10 86 732.617
1 11 101 942.402
1 12 385 17.8494
1 13 974 62.1561
1 14 174 33.0262
1 15 374 250.852
1 16 696 301.94
1 17 691 241.941
1 18 663 46.848
1 19 995 32.1076
1 20 831 32.5105
1 21 441 74.4856
1 22 809 310.302
1 23 19 245.817
1 24 98 99.8587
1 25 58 711.376
1 26 181 718.853
1 27 512 860.124
1 28 310 342.347
1 29 297 922.717
2 1 167 916.919
2 2 0 0
2 3 328 109.326
2 4 287 89.7174
2 5 926 708.965
2 6 611 41.5928
2 7 701 25.3966
2 8 464 179.439
2 9 180 103.298
2 10 395 50.7788
2 11 716 17.767
2 12 687 743.39
2 13 757 50.7849
2 14 855 713.085
2 15 882 944.111
2 16 752 283.965
2 17 551 457.401
2 18 486 102.007
2 19 829 52.4848
2 20 552 815.078
2 21 296 47.7453
2 22 205 96.7519
2 23 537 89.87
2 24 301 785.781
2 25 167 87.7306
2 26 542 27.5665
2 27 537 254.087
2 28 701 109.002
2 29 900 43.2163
3 1 732 468.571
3 2 936 637.461
3 3 0 0
3 4 301 856.37
3 5 251 29.6875
3 6 988 10.1953
3 7 943 14.5625
3 8 811 105.254
3 9 796 114.801
3 10 398 580.421
3 11 993 171.718
3 12 270 783.156
3 13 614 102.489
3 14 420 437.076
3 15 29 89.2932
3 16 652 850.297
3 17 828 705.425
3 18 642 26.0222
3 19 619 728.986
3 20 500 75.8528
3 21 488 35.0038
3 22 783 51.0352
3 23 770 190.029
3 24 966 896.074
3 25 838 55.4695
3 26 683 19.1006
3 27 697 42.8684
3 28 664 754.224
3 29 835 37.5094
4 1 178 207.943
4 2 523 13.3937
4 3 659 109.933
4 4 0 0
4 5 519 49.2651
4 6 760 89.9646
4 7 160 228.116
4 8 910 370.424
4 9 912 68.8244
4 10 997 40.3232
4 11 641 94.1975
4 12 641 73.7013
4 13 768 71.2171
4 14 467 599.77
4 15 394 870.164
4 16 52 510.076
4 17 465 85.9239
4 18 391 21.2186
4 19 351 50.3912
4 20 441 200.405
4 21 111 877.672
4 22 581 559.944
4 23 280 240.079
4 24 776 28.0364
4 25 791 970.509
4 26 823 124.017
4 27 494 619.699
4 28 778 109.655
4 29 318 258.573
5 1 815 19.6316
5 2 10 72.4653
5 3 408 55.5397
5 4 587 723.218
5 5 0 0
5 6 731 85.6554
5 7 898 44.1472
5 8 61 985.219
5 9 265 998.098
5 10 448 150.965
5 11 559 840.805
5 12 9 58.8479
5 13 599 85.8415
5 14 43 102.663
5 15 236 60.1083
5 16 920 99.05
5 17 962 406.588
5 18 972 98.4487
5 19 465 725.781
5 20 483 13.296
5 21 109 15.298
5 22 796 15.5666
5 23 665 26.2328
5 24 598 247.556
5 25 302 102.041
5 26 833 33.4199
5 27 183 951.862
5 28 250 89.4733
5 29 932 99.1079
6 1 543 95.0185
6 2 31 94.8384
6 3 507 85.4479
6 4 440 335.236
6 5 114 94.7133
6 6 0 0
6 7 132 816.146
6 8 549 99.053
6 9 497 159.663
6 10 626 657.114
6 11 13 944.05
6 12 978 65.8672
6 13 339 10.4883
6 14 934 807.754
6 15 701 215.512
6 16 840 510.839
6 17 633 76.0237
6 18 612 49.436
6 19 282 27.3193
6 20 545 918.933
6 21 274 424.838
6 22 248 97.1303
6 23 189 736.463
6 24 763 602.212
6 25 850 714.367
6 26 995 266.264
6 27 995 361.115
6 28 186 601.906
6 29 569 73.0757
7 1 583 58.1368
7 2 74 869.859
7 3 194 96.8862
7 4 777 645.182
7 5 216 94.4142
7 6 455 71.7695
7 7 0 0
7 8 122 103.402
7 9 291 13.2075
7 10 349 223.202
7 11 839 44.077
7 12 773 697.063
7 13 99 72.328
7 14 159 81.5049
7 15 797 71.0157
7 16 395 447.971
7 17 485 21.0843
7 18 145 1001.45
7 19 971 71.3514
7 20 240 333.984
7 21 958 62.7848
7 22 834 644.938
7 23 66 49.6741
7 24 628 54.6486
7 25 679 50.4981
7 26 263 97.3196
7 27 134 431.216
7 28 459 33.2307
7 29 151 902.758
8 1 989 21.9053
8 2 101 294.524
8 3 414 29.776
8 4 928 567.054
8 5 501 56.5987
8 6 513 62.092
8 7 17 74.922
8 8 0 0
8 9 116 16.766
8 10 593 82.75
8 11 38 54.6974
8 12 574 56.559
8 13 505 59.7848
8 14 78 107.076
8 15 260 533.24
8 16 531 148.676
8 17 322 464.115
8 18 339 647.989
8 19 840 209.683
8 20 280 467.564
8 21 454 85.4936
8 22 569 859.696
8 23 103 95.7234
8 24 116 64.0696
8 25 982 886.675
8 26 243 993.032
8 27 613 323.181
8 28 424 90.6238
8 29 699 896.319
9 1 401 21.9449
9 2 525 96.0378
9 3 972 555.457
9 4 941 17.886
9 5 952 465.275
9 6 480 40.7993
9 7 473 54.38
9 8 707 48.9111
9 9 0 0
9 10 589 278.868
9 11 178 109.326
9 12 119 99.2605
9 13 207 354.462
9 14 761 548.072
9 15 555 242.246
9 16 32 53.5835
9 17 952 642.344
9 18 119 812.087
9 19 410 27.9449
9 20 173 205.379
9 21 789 253.507
9 22 972 46.0851
9 23 544 66.3768
9 24 816 71.8183
9 25 848 26.7302
9 26 415 50.6446
9 27 492 280.455
9 28 202 48.9996
9 29 41 60.3311
10 1 17 189.632
10 2 218 247.587
10 3 246 95.8455
10 4 396 169.307
10 5 910 755.567
10 6 632 73.5456
10 7 301 90.9748
10 8 772 14.6388
10 9 470 492.467
10 10 0 0
10 11 899 89.8242
10 12 308 104.281
10 13 9 29.718
10 14 566 97.7071
10 15 407 886.156
10 16 571 894.152
10 17 696 912.921
10 18 218 82.0023
10 19 286 687.084
10 20 112 18.7741
10 21 657 136.804
10 22 311 305.877
10 23 890 76.6616
10 24 812 473.301
10 25 54 97.402
10 26 116 670.817
10 27 509 69.4653
10 28 403 86.8151
10 29 345 45.9508
11 1 217 70.1917
11 2 879 81.8192
11 3 834 86.7144
11 4 94 58.5641
11 5 507 47.196
11 6 377 98.0459
11 7 781 12.2279
11 8 147 40.5795
11 9 991 89.3268
11 10 154 879.289
11 11 0 0
11 12 511 105.947
11 13 964 703.319
11 14 461 92.4427
11 15 559 26.3182
11 16 774 761.885
11 17 19 103.399
11 18 711 28.3905
11 19 351 40.0241
11 20 974 357.24
11 21 927 471.44
11 22 635 133.6
11 23 479 17.2268
11 24 645 830.429
11 25 884 55.3627
11 26 285 104.699
11 27 955 97.3135
11 28 231 30.4932
11 29 363 519.415
12 1 161 46.4757
12 2 837 225.979
12 3 123 156.702
12 4 98 134.21
12 5 232 292.51
12 6 898 606.637
12 7 181 32.364
12 8 870 192.806
12 9 169 123.468
12 10 858 180.965
12 11 238 37.5124
12 12 0 0
12 13 408 28.8818
12 14 170 31.0517
12 15 904 31.5888
12 16 498 595.192
12 17 157 54.9263
12 18 559 521.155
12 19 931 852.097
12 20 944 272.429
12 21 465 942.646
12 22 330 108.895
12 23 587 102.743
12 24 63 671.55
12 25 174 11.9807
12 26 556 15.4628
12 27 422 749.83
12 28 911 199.306
12 29 441 96.6451
13 1 163 25.6499
13 2 213 31.8665
13 3 974 349
13 4 357 604.867
13 5 677 715.863
13 6 138 48.258
13 7 805 39.7311
13 8 643 13.5432
13 9 508 30.0934
13 10 996 93.3308
13 11 243 106.725
13 12 953 33.5176
13 13 0 0
13 14 635 373.903
13 15 166 92.4
13 16 504 85.0511
13 17 874 462.681
13 18 464 95.168
13 19 284 870.652
13 20 525 943.775
13 21 527 868.242
13 22 266 988.973
13 23 527 315.399
13 24 874 12.2034
13 25 851 75.7735
13 26 982 109.799
13 27 738 960.774
13 28 103 872.972
13 29 404 95.9127
14 1 933 12.8443
14 2 68 13.3021
14 3 175 916.095
14 4 519 410.189
14 5 624 33.1849
14 6 392 75.4195
14 7 955 54.0382
14 8 140 95.6594
14 9 870 333.466
14 10 987 90.4773
14 11 964 25.4393
14 12 524 458.378
14 13 654 11.6083
14 14 0 0
14 15 278 98.6929
14 16 619 96.1995
14 17 159 66.4409
14 18 177 58.9181
14 19 540 51.5998
14 20 684 748.182
14 21 627 532.874
14 22 682 57.7126
14 23 813 530.005
14 24 384 100.829
14 25 105 797.164
14 26 496 80.3146
14 27 523 15.4781
14 28 67 83.4581
14 29 297 45.5144
15 1 251 833.084
15 2 620 104.638
15 3 262 653.605
15 4 744 64.149
15 5 126 36.1605
15 6 713 346.406
15 7 149 93.8649
15 8 15 881.059
15 9 604 48.6639
15 10 805 671.885
15 11 684 750.349
15 12 744 312.225
15 13 822 36.3283
15 14 465 42.7097
15 15 0 0
15 16 94 59.9924
15 17 364 509.527
15 18 228 303.191
15 19 967 84.749
15 20 206 52.8144
15 21 696 383.333
15 22 243 271.574
15 23 725 44.7179
15 24 98 694.194
15 25 753 616.22
15 26 654 763.685
15 27 899 54.1816
15 28 540 16.8026
15 29 620 48.4198
16 1 800 13.4059
16 2 368 72.3249
16 3 475 270.109
16 4 930 15.1943
16 5 745 108.254
16 6 865 71.4704
16 7 235 361.878
16 8 251 101.052
16 9 367 28.0334
16 10 779 75.7064
16 11 760 11.117
16 12 210 886.4
16 13 63 84.0715
16 14 187 265.104
16 15 969 136.316
16 16 0 0
16 17 592 230.557
16 18 324 987.264
16 19 155 27.0965
16 20 371 282.103
16 21 565 116.601
16 22 656 513.677
16 23 639 103.625
16 24 803 94.2189
16 25 700 156.123
16 26 617 95.9523
16 27 431 14.886
16 28 281 29.0832
16 29 885 79.0756
17 1 702 35.4311
17 2 71 50.5164
17 3 449 638.651
17 4 264 17.8829
17 5 138 62.5224
17 6 781 67.4969
17 7 35 71.507
17 8 959 65.6536
17 9 96 100.097
17 10 994 307.769
17 11 318 109.243
17 12 909 19.0915
17 13 64 676.189
17 14 36 76.7959
17 15 617 614.114
17 16 390 89.4885
17 17 0 0
17 18 985 42.0231
17 19 90 107.861
17 20 755 151.972
17 21 342 28.1646
17 22 504 333.405
17 23 377 701.946
17 24 724 575.477
17 25 141 978.596
17 26 544 35.2083
17 27 990 60.5661
17 28 971 103.692
17 29 306 658.183
18 1 563 96.7733
18 2 876 108.376
18 3 217 11.6694
18 4 503 555.732
18 5 240 55.8296
18 6 440 82.0298
18 7 470 471.867
18 8 621 68.1744
18 9 341 70.506
18 10 682 515.448
18 11 131 982.045
18 12 600 55.8449
18 13 728 100.912
18 14 878 471.989
18 15 176 32.6081
18 16 166 58.8754
18 17 497 16.9887
18 18 0 0
18 19 915 72.1448
18 20 848 964.1
18 21 923 88.6493
18 22 146 67.5274
18 23 723 918.292
18 24 49 997.335
18 25 40 13.6836
18 26 666 576.271
18 27 188 10.1068
18 28 760 640.726
18 29 581 66.5661
19 1 830 151.758
19 2 837 13.9521
19 3 173 211.3
19 4 971 102.608
19 5 913 287.169
19 6 548 655.741
19 7 107 86.5404
19 8 94 731.702
19 9 638 761.122
19 10 774 32.8797
19 11 28 105.828
19 12 202 894.884
19 13 187 84.1111
19 14 496 51.3221
19 15 595 669.81
19 16 453 138.574
19 17 321 254.057
19 18 278 966.725
19 19 0 0
19 20 1 380.037
19 21 93 801.192
19 22 890 906.908
19 23 657 53.5682
19 24 492 65.4064
19 25 955 89.2291
19 26 42 801.284
19 27 645 661.326
19 28 925 61.8509
19 29 431 101.873
20 1 754 47.6446
20 2 610 250.73
20 3 305 884.844
20 4 221 169.337
20 5 704 14.3458
20 6 347 662.791
20 7 402 790.694
20 8 919 317.718
20 9 211 58.5092
20 10 133 569.923
20 11 599 451.42
20 12 996 65.0462
20 13 54 434.482
20 14 426 40.3446
20 15 378 724.896
20 16 985 36.1391
20 17 555 817.123
20 18 918 94.0663
20 19 9 26.3549
20 20 0 0
20 21 358 81.9016
20 22 347 14.9135
20 23 304 26.2572
20 24 888 49.7687
20 25 995 976.826
20 26 803 446.171
20 27 701 661.448
20 28 805 63.1632
20 29 476 544.776
21 1 265 276.305
21 2 536 44.611
21 3 820 34.8024
21 4 187 251.035
21 5 888 93.0836
21 6 478 68.449
21 7 396 871.049
21 8 476 89.2383
21 9 384 92.6807
21 10 344 1001.7
21 11 18 57.6516
21 12 998 50.2234
21 13 105 39.4931
21 14 593 38.2754
21 15 92 43.8603
21 16 319 24.5054
21 17 210 77.6443
21 18 403 858.354
21 19 609 169.551
21 20 336 36.5786
21 21 0 0
21 22 734 93.1324
21 23 844 69.2547
21 24 640 134.607
21 25 234 26.3091
21 26 998 47.3882
21 27 190 109.142
21 28 230 948.658
21 29 337 36.5328
22 1 741 23.1474
22 2 223 94.0785
22 3 796 266.844
22 4 255 527.563
22 5 896 143.732
22 6 661 672.404
22 7 472 354.554
22 8 139 79.8904
22 9 292 51.258
22 10 53 33.7159
22 11 523 318.847
22 12 4 38.8705
22 13 877 504.461
22 14 237 33.3741
22 15 980 84.6574
22 16 287 110.009
22 17 420 926.41
22 18 856 411.837
22 19 667 161.677
22 20 488 409.762
22 21 545 71.1225
22 22 0 0
22 23 297 308.746
22 24 409 936.695
22 25 88 743.726
22 26 954 35.547
22 27 675 11.7518
22 28 966 44.0617
22 29 547 185.451
23 1 795 27.4139
23 2 520 896.38
23 3 483 37.8787
23 4 973 227.78
23 5 846 99.5627
23 6 439 70.6891
23 7 385 22.6774
23 8 604 35.544
23 9 501 105.102
23 10 475 811.08
23 11 521 643.045
23 12 353 36.8654
23 13 134 11.1109
23 14 105 444.858
23 15 926 103.966
23 16 75 35.3517
23 17 679 965.321
23 18 553 97.6492
23 19 545 714.855
23 20 492 67.268
23 21 618 106.548
23 22 352 63.6119
23 23 0 0
23 24 852 52.0454
23 25 239 109.014
23 26 827 33.9326
23 27 821 72.1204
23 28 529 179.317
23 29 233 792.159
24 1 784 51.6639
24 2 314 96.7306
24 3 147 86.5374
24 4 71 261.9
24 5 280 41.193
24 6 532 831.772
24 7 237 370.302
24 8 759 646.402
24 9 904 14.767
24 10 998 68.4338
24 11 475 790.847
24 12 683 134.943
24 13 746 191.646
24 14 714 504.278
24 15 367 69.4684
24 16 747 217.801
24 17 686 932.117
24 18 673 454.899
24 19 757 258.421
24 20 738 17.3366
24 21 78 12.4598
24 22 708 803.481
24 23 336 131.647
24 24 0 0
24 25 779 283.11
24 26 573 474.37
24 27 251 345.704
24 28 926 850.907
24 29 84 47.2906
25 1 544 487.523
25 2 806 323.547
25 3 89 706.829
25 4 922 819.29
25 5 968 16.5401
25 6 169 102.48
25 7 633 519.049
25 8 895 76.9576
25 9 487 565.589
25 10 52 40.3262
25 11 151 88.1549
25 12 945 71.4673
25 13 337 323.028
25 14 819 448.887
25 15 419 59.3271
25 16 892 76.3167
25 17 13 205.593
25 18 539 15.4933
25 19 544 46.6955
25 20 242 65.2385
25 21 397 857.438
25 22 997 575.905
25 23 150 970.417
25 24 353 101.595
25 25 0 0
25 26 154 433.78
25 27 703 22.2349
25 28 42 52.3475
25 29 245 103.548
26 1 259 851.578
26 2 224 492.009
26 3 81 36.5358
26 4 150 88.6187
26 5 744 158.747
26 6 972 50.4828
26 7 275 984.792
26 8 773 59.4522
26 9 890 20.6815
26 10 849 14.2116
26 11 13 93.7947
26 12 882 58.677
26 13 238 67.9669
26 14 791 377.718
26 15 711 89.7143
26 16 937 537.421
26 17 515 92.3267
26 18 94 96.7611
26 19 552 704.418
26 20 246 278.807
26 21 712 278.96
26 22 228 22.9398
26 23 655 753.553
26 24 150 641.001
26 25 353 905.23
26 26 0 0
26 27 358 137.628
26 28 692 67.4389
26 29 823 740.186
27 1 475 790.48
27 2 425 47.6873
27 3 182 79.3106
27 4 146 585.091
27 5 366 103.179
27 6 680 78.7674
27 7 494 712.383
27 8 39 34.9184
27 9 499 992.36
27 10 623 55.5336
27 11 100 22.5004
27 12 328 89.8608
27 13 111 95.2138
27 14 232 105.105
27 15 866 184.688
27 16 978 553.138
27 17 383 106.5
27 18 46 593.209
27 19 470 41.8003
27 20 609 40.5795
27 21 372 21.6153
27 22 448 69.8682
27 23 659 107.101
27 24 539 45.1848
27 25 809 68.4124
27 26 648 29.19
27 27 0 0
27 28 898 184.413
27 29 942 13.6348
28 1 51 67.9913
28 2 235 501.256
28 3 717 69.1113
28 4 366 34.6376
28 5 401 72.8651
28 6 882 400.728
28 7 413 76.9485
28 8 201 58.8601
28 9 453 985.951
28 10 530 706.585
28 11 325 41.6752
28 12 733 66.2517
28 13 369 623.727
28 14 720 566.627
28 15 183 102.557
28 16 292 106.344
28 17 61 28.8604
28 18 937 651.987
28 19 213 108.148
28 20 205 469.487
28 21 792 29.8553
28 22 768 59.1348
28 23 883 101.125
28 24 991 16.1434
28 25 326 145.899
28 26 544 401.705
28 27 972 75.8895
28 28 0 0
28 29 873 20.3397
29 1 762 239.652
29 2 780 60.1724
29 3 306 775.74
29 4 92 75.3951
29 5 628 832.169
29 6 612 14.9013
29 7 706 76.7592
29 8 740 107.595
29 9 316 418.49
29 10 203 538.916
29 11 918 84.7948
29 12 524 263.945
29 13 951 631.296
29 14 886 38.3883
29 15 413 439.487
29 16 225 317.932
29 17 706 594.643
29 18 38 341.492
29 19 970 91.0785
29 20 297 522.223
29 21 814 740.857
29 22 849 108.502
29 23 65 44.3425
29 24 61 73.7959
29 25 363 77.3788
29 26 29 406.13
29 27 167 810.317
29 28 579 848.527
29 29 0 0
128
127
364
14
225
391
206
280
38
397
250
16
86
70
228
266
36
24
474
174
233
158
335
30
358
92
221
210
359
