24
0.5
1 1 0 0
1 2 5103 993.298
1 3 5879 85.9383
1 4 336 50.0275
1 5 7642 63.4038
1 6 5161 59.6968
1 7 1646 62.2984
1 8 4429 45.8064
1 9 3242 45.5316
1 10 6161 14.2177
1 11 7435 45.6552
1 12 1800 26.0846
1 13 1181 19.5443
1 14 8775 1005.17
1 15 859 287.479
1 16 9044 317.903
1 17 6910 560.48
1 18 653 12.4172
1 19 1713 70.5658
1 20 5878 575.855
1 21 828 757.68
1 22 6897 75.2359
1 23 8848 100.918
1 24 9563 242.731
2 1 114 941.987
2 2 0 0
2 3 8131 682.635
2 4 5781 35.138
2 5 9844 162.645
2 6 858 63.7529
2 7 6474 35.8077
2 8 3398 14.8766
2 9 2919 33.4046
2 10 2845 89.7216
2 11 2703 507.659
2 12 1886 745.65
2 13 1684 14.5225
2 14 7257 933.353
2 15 6603 432.332
2 16 7800 910.227
2 17 3146 722.353
2 18 2451 100.089
2 19 3149 60.1484
2 20 6098 77.499
2 21 9774 440.951
2 22 9305 86.4533
2 23 8254 105.321
2 24 9314 40.49
3 1 5747 47.0067
3 2 4559 27.289
3 3 0 0
3 4 3814 329.025
3 5 5744 47.4328
3 6 4824 18.6479
3 7 4304 117.837
3 8 5736 44.7578
3 9 2331 48.4331
3 10 4203 21.2389
3 11 2187 34.208
3 12 5713 688.887
3 13 7329 585.454
3 14 7894 56.9312
3 15 233 628.535
3 16 1394 17.1892
3 17 6998 73.4261
3 18 9892 49.0356
3 19 2778 65.0339
3 20 3895 289.027
3 21 4927 72.1643
3 22 3131 60.154
3 23 5110 44.1052
3 24 1370 14.0404
4 1 8704 41.195
4 2 9563 15.6576
4 3 9802 87.5765
4 4 0 0
4 5 2813 24.4508
4 6 1076 603.756
4 7 3894 898.042
4 8 9523 108.058
4 9 7277 186.271
4 10 9256 94.5182
4 11 6370 26.0203
4 12 2434 54.0358
4 13 3192 15.9976
4 14 6172 115.536
4 15 5678 694.876
4 16 7446 24.5574
4 17 159 536.063
4 18 8020 103.873
4 19 3216 635.66
4 20 4166 275.734
4 21 4550 444.409
4 22 5910 610.996
4 23 1185 394.03
4 24 1767 95.5403
5 1 4656 88.5414
5 2 2448 54.38
5 3 7920 60.1519
5 4 8615 540.724
5 5 0 0
5 6 5813 163.059
5 7 2645 97.0063
5 8 6924 12.2788
5 9 7318 661.638
5 10 5233 78.564
5 11 234 43.0141
5 12 2123 31.2133
5 13 64 869.05
5 14 8783 96.4646
5 15 1229 21.6964
5 16 4222 69.6584
5 17 7743 57.9777
5 18 1049 71.1725
5 19 6862 25.2631
5 20 1263 64.2853
5 21 148 852.367
5 22 3338 25.6708
5 23 9215 27.0752
5 24 8872 40.0737
6 1 2468 36.0735
6 2 4376 811.467
6 3 7812 37.7931
6 4 3294 105.586
6 5 1724 36.9663
6 6 0 0
6 7 6309 92.0336
6 8 7289 109.191
6 9 80 649.785
6 10 2042 94.2506
6 11 9272 53.8709
6 12 6042 84.54
6 13 966 57.7817
6 14 6211 404.182
6 15 4422 374.556
6 16 8874 51.1729
6 17 6887 197.337
6 18 3693 769.946
6 19 2231 55.9695
6 20 1920 508.718
6 21 5528 746.065
6 22 1839 46.3825
6 23 2082 526.633
6 24 6830 87.3402
7 1 3827 38.6465
7 2 474 76.7548
7 3 3634 79.2815
7 4 922 44.5199
7 5 8837 415.63
7 6 8015 349.319
7 7 0 0
7 8 6727 10.6339
7 9 7492 446.765
7 10 2779 901.33
7 11 9668 27.1503
7 12 5973 565.215
7 13 7691 109.832
7 14 195 780.495
7 15 6146 79.2062
7 16 9185 764.935
7 17 5744 608.899
7 18 1513 16.6458
7 19 5766 211.485
7 20 7247 759.379
7 21 572 28.7957
7 22 8304 921.402
7 23 1217 294.27
7 24 1834 81.8289
8 1 3393 50.0798
8 2 5939 19.1741
8 3 1704 35.0814
8 4 5312 47.6734
8 5 2290 215.567
8 6 4479 87.3696
8 7 313 69.7754
8 8 0 0
8 9 2973 461.142
8 10 9934 630.327
8 11 8024 87.2855
8 12 876 988.009
8 13 8468 280.307
8 14 6935 65.3801
8 15 643 682.547
8 16 9023 22.8146
8 17 3216 868.943
8 18 2353 766.268
8 19 6101 1001.62
8 20 6787 22.0225
8 21 2100 24.0397
8 22 8589 92.2633
8 23 2398 95.8996
8 24 9066 14.4205
9 1 687 867.806
9 2 2424 58.561
9 3 6395 99.3178
9 4 6198 51.8309
9 5 2407 670.539
9 6 6030 82.7411
9 7 8285 913.195
9 8 4653 100.618
9 9 0 0
9 10 4879 147.162
9 11 1256 78.7885
9 12 5487 819.162
9 13 2884 97.7727
9 14 8443 19.9148
9 15 290 34.7119
9 16 1442 101.94
9 17 4873 577.119
9 18 517 820.617
9 19 2750 432.745
9 20 6096 48.1511
9 21 5376 967.223
9 22 7524 30.526
9 23 9535 808.169
9 24 434 874.097
10 1 6140 271.986
10 2 6302 758.104
10 3 6079 41.4076
10 4 9552 90.1264
10 5 5175 28.6652
10 6 1537 55.6287
10 7 7387 84.8026
10 8 5441 76.2907
10 9 6385 36.8886
10 10 0 0
10 11 5348 851.421
10 12 2373 883.215
10 13 7306 88.2575
10 14 1612 240.041
10 15 1320 953.024
10 16 8363 834.719
10 17 99 88.1304
10 18 1407 959.942
10 19 9895 11.8518
10 20 1050 806.194
10 21 4109 170.698
10 22 7514 31.1176
10 23 1555 204.75
10 24 4028 40.8127
11 1 9805 296.485
11 2 5756 782.383
11 3 983 101.125
11 4 5232 94.6047
11 5 3877 34.9663
11 6 7148 621.687
11 7 8227 978.847
11 8 3900 195.238
11 9 3956 532.848
11 10 3753 739.781
11 11 0 0
11 12 3018 130.112
11 13 1304 87.3968
11 14 2841 888.002
11 15 2816 98.85
11 16 4967 65.349
11 17 4735 103.926
11 18 1210 41.4699
11 19 7036 531.227
11 20 937 53.2057
11 21 2924 839.766
11 22 8257 954.395
11 23 960 728.967
11 24 9396 988.202
12 1 3666 60.3404
12 2 8824 254.516
12 3 7470 32.0055
12 4 654 32.6216
12 5 6134 433.697
12 6 4128 12.3674
12 7 9838 32.0897
12 8 3646 56.1787
12 9 5355 88.6003
12 10 7075 222.753
12 11 9788 247.682
12 12 0 0
12 13 2374 955.394
12 14 1416 68.5551
12 15 412 779.841
12 16 4887 477.111
12 17 1444 872.599
12 18 4040 57.9154
12 19 9132 56.5542
12 20 7036 694.913
12 21 1758 178.198
12 22 9789 384.412
12 23 3001 202.053
12 24 3656 184.613
13 1 5546 271.352
13 2 3529 86.697
13 3 994 222.692
13 4 2526 40.5767
13 5 3752 15.039
13 6 2929 226.527
13 7 1018 257.956
13 8 119 132.877
13 9 7546 44.4696
13 10 8475 25.7929
13 11 376 792.63
13 12 6608 455.016
13 13 0 0
13 14 600 578.785
13 15 5538 187.61
13 16 4907 59.239
13 17 8705 65.9302
13 18 8641 174.35
13 19 1788 62.0288
13 20 7936 874.797
13 21 2162 153.271
13 22 5882 104.126
13 23 9510 38.608
13 24 7931 882.424
14 1 5295 43.5308
14 2 5640 99.6413
14 3 4452 612.295
14 4 6063 23.7865
14 5 8582 681.323
14 6 4504 587.079
14 7 478 14.7189
14 8 6511 266.264
14 9 4501 475.658
14 10 7979 452.34
14 11 4290 409.001
14 12 2312 46.622
14 13 3094 49.4385
14 14 0 0
14 15 2269 80.0024
14 16 7208 63.1094
14 17 1677 11.0471
14 18 3224 58.2852
14 19 3028 20.6166
14 20 1466 673.043
14 21 5145 608.5
14 22 4666 58.1321
14 23 4623 499.118
14 24 867 124.279
15 1 7511 101.611
15 2 6845 15.8951
15 3 657 16.3101
15 4 9587 89.3353
15 5 5797 402.977
15 6 5170 813.235
15 7 3567 62.7336
15 8 8920 11.3898
15 9 9228 12.2035
15 10 3779 983.559
15 11 6083 480.763
15 12 9497 661.512
15 13 8957 28.713
15 14 1671 75.4696
15 15 0 0
15 16 1765 111.398
15 17 2102 793.501
15 18 3536 176.663
15 19 4045 79.3223
15 20 623 772.182
15 21 9232 83.9761
15 22 5669 30.343
15 23 5852 40.3954
15 24 9693 22.1687
16 1 6165 494.014
16 2 7550 97.3788
16 3 4171 407.173
16 4 6550 727.215
16 5 7129 442.412
16 6 9630 34.0858
16 7 2323 991.355
16 8 6075 428.497
16 9 1103 261.619
16 10 4251 549.672
16 11 6177 44.5758
16 12 6468 56.3229
16 13 3627 295.063
16 14 6470 71.4493
16 15 1270 60.4254
16 16 0 0
16 17 593 106.824
16 18 21 38.4966
16 19 9684 75.8572
16 20 5665 42.9232
16 21 7463 79.1988
16 22 386 943.972
16 23 2458 80.9879
16 24 9092 22.1106
17 1 5096 105.115
17 2 4004 46.6688
17 3 9863 16.0929
17 4 9647 806.059
17 5 5292 41.1839
17 6 9764 638.613
17 7 7971 15.0333
17 8 3253 708.687
17 9 4480 67.6901
17 10 2850 10.1129
17 11 5238 102.618
17 12 1842 560.048
17 13 6145 40.5155
17 14 479 31.5583
17 15 4465 36.2687
17 16 6881 96.4964
17 17 0 0
17 18 5182 37.4033
17 19 7268 39.5651
17 20 5668 487.319
17 21 3201 18.0524
17 22 3496 134.243
17 23 9374 232.969
17 24 8457 890.956
18 1 4988 76.4472
18 2 1690 817.94
18 3 4601 774.007
18 4 3033 273.878
18 5 801 1009.54
18 6 4644 100.497
18 7 7020 79.0046
18 8 3372 485.87
18 9 8798 31.3598
18 10 6357 36.9919
18 11 9560 715.762
18 12 8055 41.7185
18 13 6190 426.028
18 14 1026 640.905
18 15 6885 11.2146
18 16 3372 35.8442
18 17 1320 52.748
18 18 0 0
18 19 3579 62.039
18 20 5386 56.3349
18 21 8584 90.6405
18 22 2022 864.712
18 23 3475 833.855
18 24 113 107.652
19 1 5169 27.7672
19 2 3824 80.1344
19 3 9700 67.7101
19 4 4817 38.2262
19 5 2375 99.7351
19 6 8576 556.611
19 7 9144 55.3011
19 8 9834 59.7506
19 9 4690 84.6543
19 10 2697 10.8063
19 11 1162 14.6073
19 12 3116 134.45
19 13 9362 34.2737
19 14 8192 40.5906
19 15 5682 14.0033
19 16 2501 91.2898
19 17 3798 956.189
19 18 2282 77.3794
19 19 0 0
19 20 7515 711.475
19 21 3903 356.417
19 22 7637 12.4649
19 23 9743 377.074
19 24 3458 395.84
20 1 2154 43.9388
20 2 3505 665.197
20 3 3792 863.658
20 4 2051 49.8121
20 5 3216 19.4989
20 6 5663 808.974
20 7 2866 43.3932
20 8 4939 686.383
20 9 699 13.999
20 10 6674 28.1241
20 11 6214 305.859
20 12 486 21.9467
20 13 5515 48.6297
20 14 2581 74.2961
20 15 827 352.47
20 16 6441 108.233
20 17 4113 319.08
20 18 6539 43.0786
20 19 1235 103.521
20 20 0 0
20 21 1316 731.734
20 22 2497 55.8162
20 23 2970 70.871
20 24 8419 187.383
21 1 4047 107.708
21 2 7302 105.398
21 3 6817 791.896
21 4 6459 26.2288
21 5 132 54.1576
21 6 1825 654.409
21 7 4928 147.862
21 8 5603 40.7773
21 9 9654 59.3532
21 10 3288 45.0334
21 11 7595 83.1838
21 12 3682 13.6165
21 13 2060 45.8303
21 14 7450 59.7227
21 15 6364 88.6868
21 16 3743 913.61
21 17 6636 95.1452
21 18 4423 74.8518
21 19 614 600.667
21 20 8398 89.7366
21 21 0 0
21 22 9644 664.913
21 23 581 90.6269
21 24 4739 69.3903
22 1 4913 10.0145
22 2 5216 43.4074
22 3 8538 936.476
22 4 9764 97.0872
22 5 2912 98.8998
22 6 7777 449.014
22 7 6384 22.9631
22 8 4448 23.8232
22 9 8722 451.894
22 10 2858 109.46
22 11 971 588.257
22 12 8575 45.514
22 13 3099 776.831
22 14 2720 55.7737
22 15 2366 66.5721
22 16 6696 408.555
22 17 9013 54.9771
22 18 2605 79.7035
22 19 4124 109.019
22 20 4547 34.7394
22 21 8639 209.621
22 22 0 0
22 23 3850 354.096
22 24 6544 477.689
23 1 6817 484.009
23 2 7657 224.509
23 3 3488 347.708
23 4 4923 53.4272
23 5 6713 40.1567
23 6 4854 69.4507
23 7 3576 129.361
23 8 3970 57.0031
23 9 7302 656.663
23 10 2435 108.333
23 11 6964 50.6507
23 12 4301 797.068
23 13 3710 24.0093
23 14 2969 536.346
23 15 4814 55.3709
23 16 7340 944.33
23 17 8327 420.102
23 18 4280 97.563
23 19 2522 919.171
23 20 1629 96.5863
23 21 1052 522.54
23 22 3510 40.6937
23 23 0 0
23 24 5017 91.4775
24 1 4975 53.4608
24 2 6044 71.6209
24 3 3534 439.281
24 4 5217 874.012
24 5 8344 177.797
24 6 8850 550.258
24 7 9641 42.5489
24 8 4557 1001.18
24 9 3121 21.3405
24 10 2989 610.479
24 11 7649 106.303
24 12 2025 943.086
24 13 9182 51.2392
24 14 6677 138.731
24 15 1736 211.462
24 16 4681 110.616
24 17 2814 57.2856
24 18 8570 40.1512
24 19 1617 1003.09
24 20 2608 43.4659
24 21 8902 44.0227
24 22 6171 63.6141
24 23 2879 47.611
24 24 0 0
69
296
409
216
384
456
305
66
353
358
380
391
153
303
339
297
272
259
448
381
21
125
283
80
