12
0.5
1 1 0 0
1 2 6223 22.0025
1 3 3962 83.7989
1 4 845 478.157
1 5 1587 794.569
1 6 8671 33.9428
1 7 2972 607.394
1 8 7428 78.5774
1 9 5525 293.667
1 10 7351 85.466
1 11 760 36.6952
1 12 562 72.5192
2 1 7034 762.902
2 2 0 0
2 3 490 13.7198
2 4 2867 146.026
2 5 5798 596.757
2 6 8533 1006.67
2 7 8630 550.441
2 8 4512 587.678
2 9 5322 34.2324
2 10 9098 92.2385
2 11 9184 171.336
2 12 8319 802.426
3 1 4084 60.3496
3 2 2215 86.9478
3 3 0 0
3 4 1594 402.42
3 5 7957 16.5206
3 6 3902 90.2096
3 7 8768 47.6342
3 8 551 424.641
3 9 1665 551.603
3 10 3408 315.026
3 11 5649 834.936
3 12 8704 849.322
4 1 3418 91.6341
4 2 1378 64.0562
4 3 1255 35.1411
4 4 0 0
4 5 8726 556.284
4 6 4866 120.954
4 7 1554 32.9087
4 8 6139 75.5345
4 9 5735 75.6679
4 10 902 868.28
4 11 5028 11.3051
4 12 8601 168.19
5 1 7194 52.9723
5 2 3900 51.4406
5 3 6308 118.906
5 4 6698 15.3666
5 5 0 0
5 6 5933 92.6361
5 7 5687 76.9318
5 8 5059 414.921
5 9 6881 29.4506
5 10 8528 93.05
5 11 1381 91.6397
5 12 358 102.168
6 1 3406 63.8759
6 2 8482 83.285
6 3 5842 316.045
6 4 7900 305.978
6 5 7913 127.291
6 6 0 0
6 7 1193 41.1586
6 8 3852 28.3889
6 9 8837 569.137
6 10 1203 37.6652
6 11 4369 162.775
6 12 9713 82.8069
7 1 1196 35.3944
7 2 3894 286.685
7 3 6323 100.725
7 4 2741 47.4712
7 5 9286 344.431
7 6 751 54.3081
7 7 0 0
7 8 5333 65.8942
7 9 764 79.5064
7 10 1999 19.6393
7 11 6230 942.389
7 12 7359 97.7719
8 1 8045 964.536
8 2 1338 226.506
8 3 6820 499.991
8 4 9234 454.307
8 5 7288 494.378
8 6 566 90.4709
8 7 1246 33.58
8 8 0 0
8 9 7061 604.048
8 10 4720 811.13
8 11 3981 49.5806
8 12 3328 120.926
9 1 4953 262.534
9 2 6758 126.609
9 3 304 830.442
9 4 2191 77.5618
9 5 7216 96.6028
9 6 6920 105.081
9 7 2506 30.6607
9 8 8343 88.6204
9 9 0 0
9 10 496 427.665
9 11 6514 364.936
9 12 3939 884.7
10 1 1799 98.4203
10 2 2834 85.8156
10 3 6331 840.991
10 4 3041 555.789
10 5 4649 56.1492
10 6 1919 283.164
10 7 3203 1000.44
10 8 4731 64.5723
10 9 3862 826.717
10 10 0 0
10 11 4993 767.965
10 12 5815 68.5972
11 1 6795 800.729
11 2 6225 826.544
11 3 5041 157.794
11 4 160 599.187
11 5 2830 386.523
11 6 112 20.385
11 7 3077 67.2298
11 8 5707 27.7674
11 9 4034 40.9027
11 10 3011 48.4519
11 11 0 0
11 12 3046 45.5133
12 1 7145 86.3185
12 2 7501 38.4295
12 3 7680 88.449
12 4 4604 224.576
12 5 7129 791.16
12 6 6304 280.446
12 7 9920 20.0099
12 8 3548 72.5055
12 9 1127 730.014
12 10 4457 279.179
12 11 6372 40.706
12 12 0 0
406
42
42
248
74
212
48
178
212
429
160
176
