22
0.5
1 1 0 0
1 2 566 621.311
1 3 4888 395.77
1 4 6471 372.97
1 5 6841 32.9198
1 6 4029 74.7857
1 7 6517 141.883
1 8 1257 79.5511
1 9 7585 26.6149
1 10 5337 143.005
1 11 1540 41.5517
1 12 9950 291.485
1 13 4355 29.4756
1 14 7819 87.7777
1 15 5446 50.2502
1 16 9125 277.399
1 17 9447 81.508
1 18 3703 43.2352
1 19 1533 703.047
1 20 3987 338.198
1 21 480 356.159
1 22 939 100.745
2 1 2090 61.0063
2 2 0 0
2 3 5130 40.5225
2 4 1320 25.573
2 5 6520 83.9031
2 6 993 11.0357
2 7 1947 25.152
2 8 8115 168.636
2 9 6808 79.2848
2 10 1171 88.74
2 11 3269 185.212
2 12 6371 854.033
2 13 5365 189.633
2 14 6723 554.982
2 15 9990 26.9279
2 16 9194 80.038
2 17 7204 37.0169
2 18 1631 584.156
2 19 3706 788.491
2 20 5120 11.618
2 21 3764 70.2737
2 22 3237 91.965
3 1 598 96.1674
3 2 19 516.585
3 3 0 0
3 4 594 25.6886
3 5 504 17.9975
3 6 6493 109.093
3 7 4967 32.2111
3 8 4756 56.6557
3 9 8903 62.4687
3 10 1538 42.6005
3 11 6302 204.618
3 12 8935 26.8372
3 13 7269 562.491
3 14 6274 512.706
3 15 5174 85.8047
3 16 8611 338.872
3 17 4883 376.7
3 18 8459 40.1666
3 19 6147 48.8558
3 20 9119 32.9273
3 21 643 82.7524
3 22 3442 82.7345
4 1 2883 418.368
4 2 2040 325.577
4 3 4551 71.825
4 4 0 0
4 5 8667 26.7671
4 6 1592 88.1297
4 7 4957 58.5995
4 8 2469 100.935
4 9 1951 16.7553
4 10 815 573.329
4 11 8651 31.6332
4 12 2409 898.236
4 13 8461 95.6258
4 14 7400 975.388
4 15 6084 70.7497
4 16 1006 10.2886
4 17 3484 47.3666
4 18 8274 28.6396
4 19 4281 59.3542
4 20 9393 72.111
4 21 6266 86.3718
4 22 187 99.7383
5 1 8424 25.1661
5 2 9957 55.2193
5 3 3608 84.9381
5 4 4340 382.096
5 5 0 0
5 6 3389 697.039
5 7 9213 82.4375
5 8 665 97.2662
5 9 4160 371.173
5 10 3044 101.743
5 11 760 278.782
5 12 6543 92.3594
5 13 2433 99.7443
5 14 9333 118.58
5 15 2264 483.772
5 16 2817 87.4316
5 17 5950 506.207
5 18 484 558.799
5 19 4722 109.965
5 20 3127 51.2074
5 21 7056 12.4161
5 22 6213 668.908
6 1 5411 56.7176
6 2 8404 402.608
6 3 1275 52.7002
6 4 5030 52.0339
6 5 3154 909.19
6 6 0 0
6 7 6625 675.651
6 8 7020 223.261
6 9 6437 173.132
6 10 4789 288.983
6 11 4969 75.0551
6 12 5400 52.9498
6 13 9688 78.0164
6 14 4145 325.488
6 15 6761 554.009
6 16 7275 54.0618
6 17 4902 82.969
6 18 6659 293.886
6 19 6706 474.379
6 20 8087 198.601
6 21 4266 82.5334
6 22 5434 99.8171
7 1 376 614.556
7 2 1130 105.307
7 3 9959 51.748
7 4 9680 782.108
7 5 8948 523.159
7 6 1895 199.432
7 7 0 0
7 8 9594 810.574
7 9 1525 85.8657
7 10 4744 16.6098
7 11 8168 48.1805
7 12 4504 27.2954
7 13 1213 842.154
7 14 3218 50.2105
7 15 1900 40.3146
7 16 415 53.4466
7 17 5388 56.1718
7 18 6544 608.161
7 19 319 16.9283
7 20 5151 977.003
7 21 5065 22.8936
7 22 2757 102.222
8 1 619 424.885
8 2 2796 102.241
8 3 6050 998.797
8 4 4008 15.4674
8 5 7925 859.728
8 6 8107 667.844
8 7 318 953.402
8 8 0 0
8 9 6293 99.5002
8 10 3003 33.7978
8 11 3177 97.0501
8 12 6249 407.127
8 13 3349 780.923
8 14 4435 419.371
8 15 1892 18.4577
8 16 8316 40.97
8 17 5603 37.4172
8 18 9699 788.568
8 19 2128 591.543
8 20 3986 84.9196
8 21 3442 76.3333
8 22 1352 506.907
9 1 8930 92.0721
9 2 2097 830.934
9 3 50 26.6386
9 4 9556 113.651
9 5 2357 64.369
9 6 1347 944.915
9 7 6847 38.4255
9 8 358 65.8713
9 9 0 0
9 10 6947 98.7225
9 11 5721 202.015
9 12 7301 897.968
9 13 834 99.7492
9 14 2371 219.383
9 15 8624 97.8314
9 16 4815 764.015
9 17 8107 504.328
9 18 8819 52.6569
9 19 9595 39.4002
9 20 7088 496.342
9 21 7178 59.0177
9 22 6115 80.2634
10 1 3600 99.4636
10 2 6772 485.554
10 3 4819 62.9966
10 4 2409 46.7572
10 5 1499 272.544
10 6 1786 109.345
10 7 5400 151.833
10 8 2678 466.889
10 9 711 70.195
10 10 0 0
10 11 3555 83.924
10 12 141 964.882
10 13 6214 75.7595
10 14 4527 433.194
10 15 4637 23.0837
10 16 8901 742.379
10 17 1370 172.735
10 18 8892 716.16
10 19 1825 102.137
10 20 3468 79.558
10 21 3191 32.0815
10 22 4646 395.039
11 1 2315 95.7461
11 2 7626 542.317
11 3 6499 70.3067
11 4 102 15.2011
11 5 2893 47.3476
11 6 6397 620.12
11 7 7504 65.9451
11 8 6006 207.294
11 9 9082 62.4343
11 10 6495 83.9727
11 11 0 0
11 12 900 748.083
11 13 2717 109.496
11 14 6766 50.3364
11 15 1808 34.1772
11 16 5694 96.1815
11 17 211 903.917
11 18 7110 489.908
11 19 9069 86.6792
11 20 6800 296.18
11 21 6562 28.2334
11 22 2145 730.024
12 1 6114 975.01
12 2 9348 44.0485
12 3 133 987.287
12 4 74 617.795
12 5 7836 404.744
12 6 1369 14.4294
12 7 9794 57.781
12 8 9284 400.872
12 9 6677 10.4296
12 10 2971 80.3119
12 11 483 583.089
12 12 0 0
12 13 9542 24.6523
12 14 296 12.6488
12 15 6495 274.995
12 16 88 33.552
12 17 1121 64.8185
12 18 7098 268.933
12 19 376 66.5058
12 20 6391 109.09
12 21 5286 286.197
12 22 7016 25.9021
13 1 1595 73.434
13 2 8493 752.49
13 3 3168 82.5243
13 4 369 454.415
13 5 7603 89.3923
13 6 1037 35.3673
13 7 3388 910.347
13 8 4161 12.0122
13 9 3565 89.5334
13 10 2803 956.007
13 11 5283 53.715
13 12 9411 619.249
13 13 0 0
13 14 5320 449.589
13 15 9436 545.967
13 16 3244 303.127
13 17 816 765.361
13 18 8300 50.0481
13 19 8628 71.9357
13 20 8476 51.6287
13 21 9872 59.4389
13 22 595 436.753
14 1 2891 369.9
14 2 7056 42.032
14 3 9585 583.006
14 4 3270 45.3479
14 5 9234 219.924
14 6 4573 50.1273
14 7 9665 59.2583
14 8 3605 484.76
14 9 1679 72.4
14 10 4551 19.9324
14 11 6520 545.073
14 12 6080 683.736
14 13 6398 34.0557
14 14 0 0
14 15 4195 77.9952
14 16 7076 795.843
14 17 6077 821.904
14 18 7291 75.848
14 19 4879 44.5696
14 20 2406 678.884
14 21 9028 67.4052
14 22 28 508.351
15 1 1170 61.0288
15 2 477 681.674
15 3 1035 99.6255
15 4 8792 27.8988
15 5 8211 89.1966
15 6 6650 71.8937
15 7 3681 128.17
15 8 3187 80.5952
15 9 5984 886.672
15 10 1724 15.7084
15 11 3298 617.086
15 12 1409 94.7
15 13 1994 44.983
15 14 4677 479.058
15 15 0 0
15 16 8690 51.4606
15 17 8608 597.746
15 18 4096 58.1063
15 19 1464 66.9317
15 20 6038 486.507
15 21 5075 40.1958
15 22 5095 590.741
16 1 4882 996.594
16 2 4482 770.072
16 3 4443 591.128
16 4 1840 245.605
16 5 9102 545.406
16 6 3521 23.9012
16 7 2680 49.2119
16 8 2632 106.361
16 9 8759 437.536
16 10 1089 38.225
16 11 7144 67.8781
16 12 7402 998.802
16 13 2897 50.857
16 14 2423 95.5983
16 15 6894 133.007
16 16 0 0
16 17 2961 92.8578
16 18 4305 100.868
16 19 4113 71.5828
16 20 1073 290.13
16 21 6911 24.0859
16 22 1275 815.1
17 1 5576 21.9854
17 2 8159 444.949
17 3 3701 229.445
17 4 7246 98.7947
17 5 3753 38.2011
17 6 3671 131.27
17 7 5760 83.6471
17 8 5114 360.311
17 9 4106 274.747
17 10 3238 70.5211
17 11 8337 82.4226
17 12 2941 11.5934
17 13 5142 526.773
17 14 3132 56.2348
17 15 6012 48.8066
17 16 3657 442.939
17 17 0 0
17 18 8747 999.086
17 19 265 12.0115
17 20 6972 963.563
17 21 6309 81.6793
17 22 1773 963.245
18 1 765 68.7063
18 2 2535 48.1702
18 3 3154 203.146
18 4 8572 24.4402
18 5 9046 74.0476
18 6 1585 52.9509
18 7 302 79.694
18 8 9918 316.144
18 9 6401 11.1424
18 10 7378 71.7879
18 11 5721 34.5362
18 12 8645 42.8824
18 13 9852 18.7709
18 14 6587 50.9965
18 15 8955 42.3792
18 16 628 960.461
18 17 70 12.6443
18 18 0 0
18 19 6042 912.049
18 20 2652 852.027
18 21 5840 916.897
18 22 3945 830.885
19 1 9907 609.927
19 2 1573 86.0794
19 3 5723 86.5836
19 4 7425 13.1174
19 5 338 100.558
19 6 9559 56.2305
19 7 1707 703.41
19 8 3754 65.2459
19 9 8362 121.13
19 10 3655 332.667
19 11 398 784.135
19 12 1127 857.235
19 13 1700 83.5114
19 14 7984 592.174
19 15 8081 55.2463
19 16 9929 398.931
19 17 1126 18.8518
19 18 4293 95.7368
19 19 0 0
19 20 5833 80.6906
19 21 5828 265.01
19 22 0 757.042
20 1 6993 61.1826
20 2 3013 73.7071
20 3 8293 542.741
20 4 4494 532.629
20 5 2244 65.7195
20 6 1613 76.2882
20 7 8644 751.739
20 8 5044 73.5793
20 9 3950 35.194
20 10 2011 421.066
20 11 2782 723.097
20 12 540 928.828
20 13 4656 804.093
20 14 8907 44.2011
20 15 6336 478.16
20 16 2854 73.4844
20 17 169 545.474
20 18 2034 732.509
20 19 9517 317.079
20 20 0 0
20 21 2623 71.1851
20 22 5400 51.0959
21 1 5327 561.64
21 2 6808 779.009
21 3 1475 74.5238
21 4 3762 73.2792
21 5 9949 130.602
21 6 4812 29.7185
21 7 5347 729.909
21 8 1036 49.5681
21 9 4059 57.9511
21 10 769 81.8439
21 11 1807 72.4293
21 12 6538 93.4141
21 13 9608 890.727
21 14 1862 296.678
21 15 2842 70.9191
21 16 3217 521.146
21 17 5279 744.284
21 18 424 101.44
21 19 2602 313.427
21 20 3824 41.2438
21 21 0 0
21 22 9576 75.4528
22 1 398 258.523
22 2 4594 98.8519
22 3 128 101.652
22 4 631 90.07
22 5 8015 27.589
22 6 6097 587.567
22 7 3262 82.8241
22 8 9029 944.991
22 9 6020 819.668
22 10 2340 86.323
22 11 6964 44.7319
22 12 6702 43.0942
22 13 5732 369.338
22 14 1464 16.5299
22 15 201 66.9428
22 16 6753 16.8909
22 17 6469 293.65
22 18 3087 70.9333
22 19 4316 535.468
22 20 925 760.496
22 21 1074 100.871
22 22 0 0
152
19
123
417
103
172
82
67
204
342
268
104
414
374
101
79
343
361
112
282
1
468
