50
0.5
1 1 0 0
1 2 6733 402.545
1 3 1331 91.0932
1 4 9782 78.8894
1 5 3742 360.485
1 6 574 229.756
1 7 1106 33.6051
1 8 2409 43.3991
1 9 2317 76.5743
1 10 8280 845.977
1 11 5883 551.195
1 12 8361 266.51
1 13 4114 27.9386
1 14 4714 321.191
1 15 6060 97.9588
1 16 4130 905.561
1 17 1213 198.118
1 18 1047 769.932
1 19 3117 33.3492
1 20 6640 974.016
1 21 6525 61.5716
1 22 929 36.9383
1 23 2222 51.7056
1 24 9030 60.4793
1 25 1790 57.257
1 26 9034 802.477
1 27 4322 631.513
1 28 1121 68.937
1 29 2621 27.6546
1 30 3351 761.31
1 31 6690 42.9548
1 32 3686 426.725
1 33 1072 415.385
1 34 6533 20.6461
1 35 9849 30.8847
1 36 1116 16.3028
1 37 907 898.759
1 38 6680 102.209
1 39 4493 59.7017
1 40 3015 37.9278
1 41 6879 114.852
1 42 8319 61.4934
1 43 5696 86.6033
1 44 9477 47.535
1 45 8024 74.0631
1 46 3748 55.4911
1 47 7133 385.933
1 48 5742 69.1817
1 49 624 96.2494
1 50 4896 431.456
2 1 1550 33.2721
2 2 0 0
2 3 7112 822.003
2 4 8862 438.685
2 5 9022 509.824
2 6 2976 540.212
2 7 2512 1002.42
2 8 3018 77.8924
2 9 1520 31.1239
2 10 6434 658.299
2 11 6735 176.652
2 12 8476 527.608
2 13 8349 40.7142
2 14 6390 22.2696
2 15 7321 208.938
2 16 379 375.902
2 17 9060 93.2435
2 18 834 76.1565
2 19 9310 752.051
2 20 4818 109.598
2 21 4555 930.38
2 22 8833 804.519
2 23 3586 733.252
2 24 7133 231.512
2 25 5172 15.5334
2 26 3531 36.225
2 27 3882 492.894
2 28 2679 182.176
2 29 4349 80.6028
2 30 44 77.6268
2 31 1332 955.39
2 32 2166 944.85
2 33 4095 887.369
2 34 7881 68.4949
2 35 5088 496.276
2 36 8388 18.1174
2 37 757 99.9855
2 38 1058 103.474
2 39 2311 874.75
2 40 8740 100.113
2 41 4074 79.217
2 42 7754 50.4531
2 43 4607 565.817
2 44 9334 27.6742
2 45 8327 400.004
2 46 5258 404.538
2 47 6858 65.6249
2 48 5837 717.571
2 49 9379 61.0069
2 50 6796 80.5795
3 1 1962 39.0733
3 2 6729 28.5263
3 3 0 0
3 4 2633 193.903
3 5 5964 10.9907
3 6 1153 894.786
3 7 8778 96.3874
3 8 9668 219.421
3 9 408 50.4322
3 10 3677 72.0751
3 11 178 574.739
3 12 9954 101.255
3 13 690 619.579
3 14 4552 600.673
3 15 5635 743.201
3 16 4525 632.112
3 17 9958 84.3681
3 18 6675 27.9084
3 19 9080 838.174
3 20 4584 72.569
3 21 5498 446.383
3 22 6915 26.1381
3 23 2909 502.853
3 24 3938 93.533
3 25 8257 84.4629
3 26 4257 407.493
3 27 264 193.925
3 28 1536 59.8464
3 29 7637 99.7358
3 30 8050 98.1793
3 31 2156 68.0996
3 32 5807 91.6035
3 33 8262 98.0736
3 34 8953 173.655
3 35 513 124.264
3 36 5260 752.471
3 37 697 103.306
3 38 9252 559.91
3 39 3297 812.437
3 40 6887 19.4964
3 41 6404 14.8244
3 42 8378 32.7014
3 43 6411 553.826
3 44 249 70.8259
3 45 1740 20.9863
3 46 2871 495.209
3 47 873 663.038
3 48 2055 35.8155
3 49 6740 489.644
3 50 4009 155.678
4 1 1150 98.1947
4 2 3660 22.4835
4 3 2104 13.5723
4 4 0 0
4 5 2095 117.463
4 6 3924 185.385
4 7 9495 108.412
4 8 2123 103.116
4 9 9366 30.0428
4 10 5466 39.0392
4 11 8060 19.8409
4 12 8845 722.659
4 13 9035 724.137
4 14 8085 194.446
4 15 609 14.3233
4 16 9208 43.7422
4 17 748 39.8006
4 18 6840 638.548
4 19 1830 272.108
4 20 7674 758.596
4 21 1318 900.449
4 22 6001 792.633
4 23 4478 57.3389
4 24 5127 199.734
4 25 7064 485.492
4 26 7834 103.892
4 27 5528 69.1011
4 28 5722 926.968
4 29 2937 66.9831
4 30 1932 90.7755
4 31 3095 21.0384
4 32 6789 72.3396
4 33 514 238.74
4 34 1580 61.2488
4 35 4795 136.647
4 36 2255 66.2398
4 37 7883 63.3887
4 38 7527 35.2318
4 39 9662 977.592
4 40 3654 66.1395
4 41 1323 19.7032
4 42 727 77.2914
4 43 713 11.6993
4 44 3020 807.524
4 45 2086 254.836
4 46 5815 44.7958
4 47 2473 54.4312
4 48 6456 841.904
4 49 7307 23.9282
4 50 4152 72.8554
5 1 3723 58.3156
5 2 985 299.016
5 3 1939 143.288
5 4 7416 15.4522
5 5 0 0
5 6 5247 252.449
5 7 6145 27.2564
5 8 7943 793.787
5 9 8873 76.7131
5 10 4658 83.9564
5 11 8235 67.0915
5 12 591 978.941
5 13 2118 54.0248
5 14 2309 429.563
5 15 1678 42.4295
5 16 8159 90.947
5 17 2898 10.1735
5 18 5446 56.3488
5 19 6391 738.617
5 20 3260 92.2352
5 21 5714 722.286
5 22 7408 969.813
5 23 2369 76.1966
5 24 4972 59.1659
5 25 2284 460.591
5 26 3676 43.6288
5 27 1234 403.584
5 28 3479 107.044
5 29 6531 61.1163
5 30 9550 94.766
5 31 9844 21.9213
5 32 1565 105.438
5 33 4788 411.463
5 34 6850 84.9491
5 35 6987 23.1749
5 36 1670 612.758
5 37 6148 50.4967
5 38 6566 81.0941
5 39 866 314.466
5 40 4274 95.2675
5 41 1448 105.131
5 42 6976 70.2749
5 43 5097 44.447
5 44 632 46.432
5 45 2242 91.8608
5 46 1607 831.388
5 47 9588 49.237
5 48 6381 89.6544
5 49 6487 507.397
5 50 6298 233.547
6 1 2722 807.345
6 2 7825 103.108
6 3 5367 68.4555
6 4 4069 429.747
6 5 2551 102.831
6 6 0 0
6 7 5802 66.0838
6 8 1146 663.616
6 9 2520 610.229
6 10 7053 47.1116
6 11 7626 57.7439
6 12 6495 776.858
6 13 800 368.587
6 14 1163 217.001
6 15 9667 81.3563
6 16 5868 637.764
6 17 6753 91.3536
6 18 3991 687.089
6 19 2788 829.936
6 20 654 230.836
6 21 3862 28.4256
6 22 3982 66.287
6 23 1520 55.1808
6 24 747 55.382
6 25 9464 101.338
6 26 4656 204.797
6 27 2213 47.9942
6 28 6446 39.02
6 29 592 41.7941
6 30 3735 269.709
6 31 8714 71.2901
6 32 5476 611.064
6 33 3095 31.5425
6 34 9395 815.414
6 35 6095 547.233
6 36 3617 73.6747
6 37 864 42.2666
6 38 7287 38.463
6 39 3087 14.7453
6 40 8081 930.966
6 41 5674 286.283
6 42 6196 600.845
6 43 9792 641.508
6 44 9965 85.6859
6 45 1526 183.899
6 46 496 606.19
6 47 2742 661.497
6 48 1369 431.173
6 49 4018 592.308
6 50 2532 105.484
7 1 4861 769.594
7 2 7572 190.839
7 3 999 88.1439
7 4 310 11.3204
7 5 5308 42.9952
7 6 9106 655.06
7 7 0 0
7 8 2711 25.3326
7 9 1986 244.692
7 10 6081 27.9358
7 11 5588 315.264
7 12 594 882.121
7 13 9814 59.2827
7 14 5075 778.448
7 15 9474 730.525
7 16 6052 25.4473
7 17 7258 70.7524
7 18 3061 726.425
7 19 4326 523.442
7 20 8339 293.206
7 21 4539 83.1706
7 22 4656 90.4301
7 23 7068 85.2881
7 24 4322 60.9755
7 25 9860 80.6432
7 26 6349 19.9769
7 27 2613 873.667
7 28 1852 604.314
7 29 3159 953.208
7 30 1552 341.522
7 31 1049 44.1564
7 32 3238 938.169
7 33 276 95.0931
7 34 6089 39.069
7 35 8027 38.884
7 36 2753 17.8717
7 37 1927 780.142
7 38 1952 84.8218
7 39 4595 176.271
7 40 5491 268.994
7 41 7072 215.745
7 42 7632 321.787
7 43 1413 459.241
7 44 933 120.934
7 45 1268 16.5315
7 46 8243 13.291
7 47 7911 178.19
7 48 234 88.6796
7 49 5571 490.804
7 50 7302 98.8004
8 1 7416 593.486
8 2 451 650.421
8 3 7416 873.111
8 4 1731 10.4435
8 5 4070 67.4148
8 6 7942 288.684
8 7 2400 227.81
8 8 0 0
8 9 3706 35.5193
8 10 6415 995.148
8 11 3686 45.0882
8 12 3424 78.3917
8 13 326 335.817
8 14 333 214.752
8 15 3722 27.1651
8 16 230 61.7207
8 17 6940 37.0301
8 18 253 60.9652
8 19 4800 10.5401
8 20 2535 515.767
8 21 8052 27.7019
8 22 3194 37.8153
8 23 1387 11.4913
8 24 262 709.086
8 25 4881 87.9913
8 26 2529 46.8327
8 27 827 539.645
8 28 8018 39.6775
8 29 4716 847.909
8 30 8452 241.724
8 31 3853 969.026
8 32 1869 100.782
8 33 6269 671.583
8 34 7504 870.747
8 35 9341 378.418
8 36 9863 199.03
8 37 9494 906.733
8 38 6175 87.0211
8 39 8659 12.7272
8 40 652 102.311
8 41 8569 452.874
8 42 2448 103.744
8 43 2067 19.0738
8 44 1398 32.8573
8 45 9832 565.7
8 46 8385 253.77
8 47 3641 819.991
8 48 8890 534.663
8 49 739 907.438
8 50 7635 943.718
9 1 8465 23.9269
9 2 7634 701.112
9 3 1040 877.398
9 4 3718 693.042
9 5 5930 93.7129
9 6 1613 20.9573
9 7 593 878.7
9 8 6400 74.4156
9 9 0 0
9 10 3406 742.716
9 11 6325 982.288
9 12 9963 604.597
9 13 8171 568.668
9 14 5524 87.2319
9 15 5587 907.132
9 16 8568 803.854
9 17 7456 93.0903
9 18 8467 29.7309
9 19 3798 88.9805
9 20 3272 47.8603
9 21 5549 109.097
9 22 3985 65.0028
9 23 796 508.64
9 24 8431 87.4253
9 25 5309 477.607
9 26 9180 817.273
9 27 9877 358.953
9 28 5785 346.415
9 29 6897 67.965
9 30 2104 613.321
9 31 4848 40.4866
9 32 60 628.001
9 33 2559 78.1998
9 34 9034 28.7966
9 35 7822 13.3039
9 36 8993 91.1054
9 37 4831 54.8344
9 38 596 34.7465
9 39 9585 50.8962
9 40 8200 34.5146
9 41 9845 276.015
9 42 7199 453.856
9 43 225 383.266
9 44 9797 71.2913
9 45 1441 103.512
9 46 744 33.7009
9 47 2627 41.2444
9 48 897 109.232
9 49 7671 483.957
9 50 5801 64.7149
10 1 5857 600.502
10 2 9740 69.499
10 3 7787 120.64
10 4 4442 646.092
10 5 840 104.56
10 6 2290 60.6768
10 7 7973 136.872
10 8 469 25.4863
10 9 5565 102.716
10 10 0 0
10 11 6510 33.4019
10 12 9056 56.9205
10 13 755 40.2578
10 14 5316 418.375
10 15 8001 56.3097
10 16 7844 50.4348
10 17 6316 58.5793
10 18 8762 111.699
10 19 6365 80.0409
10 20 9721 316.67
10 21 8416 42.9444
10 22 7001 23.8772
10 23 5322 72.5985
10 24 4226 70.9622
10 25 291 348.055
10 26 9666 434.197
10 27 7441 813.164
10 28 3415 81.1967
10 29 7513 56.3049
10 30 3335 14.8734
10 31 2200 952.98
10 32 6263 79.2936
10 33 7732 98.9102
10 34 9996 136.471
10 35 842 61.568
10 36 1066 79.2822
10 37 7859 613.496
10 38 7160 85.4469
10 39 3294 37.2614
10 40 3082 41.2793
10 41 8443 90.2162
10 42 3182 774.124
10 43 5412 34.5598
10 44 9536 64.9162
10 45 3575 93.1923
10 46 5530 99.3998
10 47 9596 395.926
10 48 5739 54.77
10 49 5425 107.223
10 50 1372 96.8712
11 1 3300 14.089
11 2 9627 91.8206
11 3 56 224.537
11 4 6263 865.869
11 5 9769 361.823
11 6 3570 50.4551
11 7 980 44.5961
11 8 2145 81.5062
11 9 480 102.906
11 10 3498 391.661
11 11 0 0
11 12 886 57.8055
11 13 8493 26.1217
11 14 5285 134.083
11 15 8994 35.5757
11 16 5969 78.2708
11 17 7052 930.616
11 18 9661 76.2303
11 19 1655 61.1265
11 20 6546 32.1971
11 21 3980 16.7036
11 22 3392 369.253
11 23 9576 100.078
11 24 3010 55.5752
11 25 4515 279.756
11 26 923 901.956
11 27 2162 415.547
11 28 113 80.4524
11 29 725 27.4815
11 30 9737 96.1189
11 31 8928 745.875
11 32 9668 677.586
11 33 5259 707.211
11 34 8032 652.956
11 35 8042 729.36
11 36 1554 88.2289
11 37 4687 28.3569
11 38 4661 106.365
11 39 1511 478.506
11 40 1031 86.9631
11 41 53 89.6084
11 42 8429 102.953
11 43 3396 74.8019
11 44 7095 122.771
11 45 7516 457.869
11 46 3653 100.907
11 47 7828 27.9081
11 48 3444 27.8518
11 49 3812 66.9684
11 50 6939 873.843
12 1 5724 38.2966
12 2 498 904.09
12 3 1007 15.6467
12 4 473 680.883
12 5 4612 203.088
12 6 7939 99.2839
12 7 5026 672.092
12 8 738 916.393
12 9 5188 43.0268
12 10 9102 20.8531
12 11 8569 20.2371
12 12 0 0
12 13 6165 14.7664
12 14 4263 621.995
12 15 1769 502.574
12 16 3069 342.359
12 17 2556 860.709
12 18 1784 839.913
12 19 5442 55.3541
12 20 4541 695.247
12 21 594 1003.54
12 22 7334 24.8044
12 23 8464 954.849
12 24 2413 323.482
12 25 5280 100.196
12 26 7809 92.3061
12 27 220 62.4646
12 28 9816 925.788
12 29 3479 185.569
12 30 1951 492.507
12 31 5396 416.286
12 32 7106 820.749
12 33 5508 988.862
12 34 1101 814.713
12 35 4892 354.771
12 36 58 36.9918
12 37 1213 783.242
12 38 2647 757.582
12 39 9386 95.503
12 40 1225 11.98
12 41 4296 61.8699
12 42 6758 61.3718
12 43 827 18.9408
12 44 9022 303.434
12 45 1958 83.7789
12 46 5051 101.505
12 47 4076 25.7569
12 48 1587 326.063
12 49 2074 230.442
12 50 8275 42.4247
13 1 3786 41.2727
13 2 6499 27.9419
13 3 6451 17.2367
13 4 8459 946.42
13 5 8584 18.506
13 6 8458 52.025
13 7 8594 86.505
13 8 2860 74.4108
13 9 129 107.321
13 10 1176 937.927
13 11 4305 1000.77
13 12 1263 578.011
13 13 0 0
13 14 9158 480.415
13 15 9848 686.837
13 16 4436 1001.99
13 17 516 86.0648
13 18 5444 35.2726
13 19 6785 251.466
13 20 3537 57.445
13 21 5087 816.709
13 22 2660 34.0223
13 23 6906 39.3691
13 24 7285 490.831
13 25 4626 901.05
13 26 7951 827.783
13 27 1922 1008.82
13 28 5239 359.204
13 29 8329 36.5064
13 30 9132 356.79
13 31 9722 63.0496
13 32 8375 911.871
13 33 1581 87.3643
13 34 9487 335.232
13 35 4896 639.004
13 36 2619 72.1378
13 37 7592 48.7415
13 38 1921 357.364
13 39 552 36.6276
13 40 2698 798.259
13 41 4839 98.6522
13 42 8153 58.8994
13 43 6945 68.6439
13 44 2477 84.6869
13 45 261 54.0697
13 46 144 354.761
13 47 6562 461.052
13 48 6385 62.0217
13 49 1408 90.4983
13 50 8416 64.6816
14 1 947 230.164
14 2 440 641.738
14 3 9554 12.176
14 4 5197 693.923
14 5 7357 109.055
14 6 4309 25.8208
14 7 6708 689.165
14 8 6478 76.0745
14 9 1560 55.2151
14 10 285 89.8895
14 11 8135 99.0751
14 12 8482 425.23
14 13 8757 65.5198
14 14 0 0
14 15 1486 94.2987
14 16 5211 337.764
14 17 8478 924.597
14 18 258 56.6176
14 19 4496 379.916
14 20 6760 983.181
14 21 3956 552.247
14 22 8782 96.5373
14 23 8780 92.9081
14 24 2105 102.237
14 25 9350 741.668
14 26 5695 13.8543
14 27 1403 27.9622
14 28 2968 613.733
14 29 602 737.237
14 30 3394 80.3537
14 31 2751 53.8065
14 32 3442 47.7187
14 33 2766 117.883
14 34 7516 36.1892
14 35 894 96.0975
14 36 4449 68.9053
14 37 1890 555.182
14 38 1174 98.757
14 39 1714 305.382
14 40 9987 52.9364
14 41 258 84.1666
14 42 108 41.2177
14 43 6728 41.6481
14 44 2250 325.309
14 45 8134 728.358
14 46 9514 42.5094
14 47 7955 473.279
14 48 8286 14.7513
14 49 8062 553.969
14 50 835 332.564
15 1 7013 366.478
15 2 554 28.7958
15 3 2942 692.377
15 4 6607 76.8817
15 5 6358 16.9643
15 6 1545 71.6525
15 7 7864 41.3316
15 8 9421 43.9639
15 9 9185 309.226
15 10 7758 101.932
15 11 4887 37.0259
15 12 6971 800.124
15 13 3803 866.096
15 14 854 586.058
15 15 0 0
15 16 9288 221.902
15 17 6353 72.4605
15 18 6497 413.217
15 19 1611 102.922
15 20 5573 68.1289
15 21 3746 173.699
15 22 2469 279.519
15 23 8351 650.412
15 24 5148 598.556
15 25 8646 155.599
15 26 4741 72.685
15 27 4273 85.0668
15 28 403 94.2145
15 29 7438 374.562
15 30 3665 375.431
15 31 9850 398.72
15 32 6827 766.994
15 33 1610 92.6731
15 34 1105 88.5889
15 35 8254 41.6844
15 36 9666 98.4146
15 37 8050 27.0243
15 38 7656 188.853
15 39 3644 52.7561
15 40 4491 266.007
15 41 3030 973.416
15 42 3371 479.104
15 43 6755 53.3307
15 44 3799 486.219
15 45 1012 633.866
15 46 9246 16.2328
15 47 4143 13.5072
15 48 5704 17.201
15 49 6777 77.1052
15 50 5325 99.3556
16 1 571 330.811
16 2 6260 21.6516
16 3 1213 65.019
16 4 3782 36.2243
16 5 5467 94.1233
16 6 4914 53.2758
16 7 3217 76.3667
16 8 4648 38.4629
16 9 5962 23.7789
16 10 8247 597.709
16 11 1519 109.982
16 12 1980 86.2841
16 13 2810 73.3768
16 14 9267 449.331
16 15 5159 106.542
16 16 0 0
16 17 8741 538.876
16 18 9679 31.8117
16 19 2375 213.384
16 20 4485 673.53
16 21 9653 36.1159
16 22 5074 557.15
16 23 1074 29.0047
16 24 80 52.3913
16 25 8848 39.2078
16 26 4825 37.076
16 27 8079 993.827
16 28 1505 59.3605
16 29 5597 90.3601
16 30 9709 108.583
16 31 9672 721.331
16 32 813 883.672
16 33 3703 803.661
16 34 4601 68.7814
16 35 7425 90.632
16 36 2309 721.423
16 37 8370 154.357
16 38 3225 63.7879
16 39 91 65.5656
16 40 6321 492.317
16 41 1525 465.651
16 42 302 73.3675
16 43 4171 315.285
16 44 7817 104.424
16 45 7697 624.013
16 46 5784 763.922
16 47 7235 339.39
16 48 7145 96.9293
16 49 5191 601.748
16 50 102 80.0138
17 1 6361 95.7994
17 2 9975 19.143
17 3 9664 104.76
17 4 5560 71.6541
17 5 1390 62.2177
17 6 2355 105.658
17 7 3280 29.0514
17 8 4950 217.803
17 9 2516 60.2052
17 10 7929 97.6863
17 11 898 328.061
17 12 3798 546.978
17 13 7444 417.285
17 14 5539 732.642
17 15 9035 80.8644
17 16 1709 268.271
17 17 0 0
17 18 9520 1006.29
17 19 3540 439.264
17 20 644 105.086
17 21 3626 559.408
17 22 8808 284.545
17 23 7715 736.15
17 24 651 106.759
17 25 8138 314.149
17 26 7993 78.0072
17 27 619 80.9372
17 28 1798 155.971
17 29 8767 329.259
17 30 8671 19.853
17 31 3052 85.531
17 32 2014 960.401
17 33 1917 68.1133
17 34 2736 15.9158
17 35 6841 43.2072
17 36 9790 11.6416
17 37 2975 644.368
17 38 8749 24.2508
17 39 6746 741.35
17 40 1916 618.697
17 41 9478 37.6601
17 42 1011 71.1924
17 43 3765 942.729
17 44 7889 785.991
17 45 829 558.997
17 46 8124 107.439
17 47 5160 133.028
17 48 3647 35.3189
17 49 3105 46.1156
17 50 7074 97.6192
18 1 2551 99.3384
18 2 5866 106.214
18 3 9474 367.003
18 4 3795 90.4126
18 5 9480 281.096
18 6 4667 16.2063
18 7 3701 95.7098
18 8 3554 375.574
18 9 6024 743.462
18 10 6231 290.021
18 11 9197 20.3782
18 12 1623 38.0275
18 13 4579 769.901
18 14 7278 133.794
18 15 5160 441.111
18 16 5067 23.9257
18 17 9493 898.654
18 18 0 0
18 19 5061 78.9662
18 20 4169 65.946
18 21 2618 239.396
18 22 9622 318.167
18 23 1010 82.3736
18 24 7794 143.941
18 25 3739 52.5597
18 26 3086 733.334
18 27 3018 586.148
18 28 5305 105.843
18 29 4165 109.32
18 30 539 943.658
18 31 6590 24.0953
18 32 3039 501.279
18 33 2438 97.802
18 34 9709 273.317
18 35 5270 14.1716
18 36 1972 100.471
18 37 9295 246.03
18 38 5554 70.1925
18 39 3506 33.4296
18 40 355 133.914
18 41 8476 56.2509
18 42 6804 540.101
18 43 8185 53.0472
18 44 594 453.897
18 45 4961 340.276
18 46 5860 223.404
18 47 7509 62.4391
18 48 8622 37.7163
18 49 5045 370.374
18 50 1839 473.685
19 1 9526 24.6558
19 2 724 648.388
19 3 5055 257.342
19 4 6233 55.793
19 5 5700 26.7682
19 6 7195 13.8607
19 7 2861 48.19
19 8 9363 783.712
19 9 8359 182.469
19 10 4014 67.1374
19 11 3219 914.084
19 12 8917 321.552
19 13 7795 38.5057
19 14 4994 712.618
19 15 3871 837.553
19 16 6049 674.033
19 17 6204 126.769
19 18 7278 52.1791
19 19 0 0
19 20 7529 649.291
19 21 4113 13.5656
19 22 7383 648.529
19 23 2169 10.669
19 24 1626 648.148
19 25 292 973.378
19 26 2409 436.275
19 27 5642 367.116
19 28 9499 106.931
19 29 4194 88.7233
19 30 8349 98.0634
19 31 7008 33.2169
19 32 2011 693.235
19 33 5588 597.82
19 34 2113 68.4313
19 35 2992 930.055
19 36 4459 650.839
19 37 4918 924.348
19 38 5214 789.188
19 39 4558 627.259
19 40 8667 212.273
19 41 9546 716.699
19 42 3915 711.912
19 43 8640 19.1994
19 44 8991 198.499
19 45 2763 37.6482
19 46 7654 15.8562
19 47 1183 46.2292
19 48 5753 95.1705
19 49 270 74.3568
19 50 5662 169.674
20 1 5809 13.9313
20 2 1176 38.605
20 3 2796 63.8414
20 4 5540 90.3096
20 5 1036 728.243
20 6 5926 34.7233
20 7 8973 826.341
20 8 5817 88.2684
20 9 5959 125.567
20 10 2649 70.2223
20 11 1532 340.716
20 12 2320 543.214
20 13 3376 902.952
20 14 289 109.775
20 15 5171 53.1926
20 16 1014 21.5528
20 17 4982 699.4
20 18 5641 16.7887
20 19 8205 40.1789
20 20 0 0
20 21 9937 29.3534
20 22 5855 86.0226
20 23 9154 53.6954
20 24 6453 935.63
20 25 6392 41.8248
20 26 1610 813.306
20 27 1222 75.7288
20 28 1938 948.754
20 29 5885 19.9983
20 30 4225 82.2725
20 31 876 730.502
20 32 1500 173.004
20 33 4610 99.5436
20 34 5031 796.171
20 35 1910 801.301
20 36 7140 918.029
20 37 9053 95.4598
20 38 2631 97.8241
20 39 496 805.298
20 40 1169 398.455
20 41 4258 783.278
20 42 5115 561.99
20 43 8922 15.5307
20 44 703 826.442
20 45 3835 738.347
20 46 8606 88.8774
20 47 6539 52.965
20 48 5002 776.501
20 49 2624 58.8728
20 50 7751 674.218
21 1 2236 42.3149
21 2 8721 669.056
21 3 3061 442.165
21 4 761 17.943
21 5 4626 536.48
21 6 1049 19.1564
21 7 1640 67.7988
21 8 7620 74.3039
21 9 3631 32.547
21 10 9208 345.281
21 11 1279 705.197
21 12 4369 12.5718
21 13 2682 499.849
21 14 830 27.7132
21 15 194 97.3741
21 16 2686 47.0974
21 17 8148 67.6862
21 18 2931 356.003
21 19 8721 566.638
21 20 9663 14.0632
21 21 0 0
21 22 3278 17.6735
21 23 3825 557.93
21 24 6419 106.964
21 25 2687 407.168
21 26 9683 74.6958
21 27 8540 54.7356
21 28 6918 597.138
21 29 1358 505.952
21 30 510 950.299
21 31 3349 418.908
21 32 7626 66.5995
21 33 8283 83.4711
21 34 1336 584.11
21 35 2550 526.359
21 36 2687 74.0886
21 37 2725 484.172
21 38 3714 117.782
21 39 3645 129.703
21 40 138 162.975
21 41 6826 443.067
21 42 5619 39.5261
21 43 1446 444.754
21 44 8674 887.263
21 45 6339 21.2637
21 46 1623 41.8009
21 47 4719 377.119
21 48 1963 73.0941
21 49 558 696.338
21 50 7083 889.313
22 1 260 776.503
22 2 8808 45.1973
22 3 6948 81.2456
22 4 7563 49.5883
22 5 720 381.893
22 6 1810 47.6545
22 7 4165 14.0125
22 8 9028 92.666
22 9 6966 108.44
22 10 2041 19.2913
22 11 8412 94.1638
22 12 5780 900.345
22 13 1770 731.41
22 14 4667 16.9542
22 15 2157 518.851
22 16 6792 65.5698
22 17 7611 860.966
22 18 988 878.829
22 19 6988 727.066
22 20 2904 525.383
22 21 5228 426.754
22 22 0 0
22 23 7136 864.245
22 24 4249 133.119
22 25 4365 668.128
22 26 6157 43.6537
22 27 8670 280.983
22 28 3527 789.475
22 29 5446 239.132
22 30 6392 260.895
22 31 9625 63.1104
22 32 5878 104.907
22 33 5411 37.1297
22 34 3384 859.757
22 35 9450 49.6907
22 36 8467 318.628
22 37 7509 966.814
22 38 1090 47.9119
22 39 671 625.668
22 40 1632 59.3121
22 41 939 1005.88
22 42 3338 143.226
22 43 3592 756.807
22 44 1131 82.6965
22 45 428 805.11
22 46 9798 30.7828
22 47 4104 922.835
22 48 137 36.9645
22 49 5509 224.137
22 50 3912 353.182
23 1 5982 23.1165
23 2 975 19.347
23 3 7768 74.6849
23 4 6201 74.5549
23 5 524 31.2687
23 6 5101 16.3931
23 7 2442 46.3203
23 8 3921 65.4101
23 9 6714 368.562
23 10 6267 10.5716
23 11 1676 756.46
23 12 2567 21.1898
23 13 4817 15.1098
23 14 3839 93.5359
23 15 2073 324.436
23 16 6265 98.5237
23 17 1235 866.388
23 18 843 194.705
23 19 2533 34.9304
23 20 4272 675.855
23 21 397 102.748
23 22 1846 13.0051
23 23 0 0
23 24 8311 116.799
23 25 3383 100.453
23 26 7249 25.0209
23 27 7634 73.8946
23 28 3392 401.525
23 29 5923 42.0781
23 30 4420 55.3677
23 31 8040 14.3516
23 32 695 41.5986
23 33 7423 529.747
23 34 2848 719.102
23 35 4737 63.0903
23 36 8349 640.697
23 37 7856 32.1173
23 38 8358 318.724
23 39 1353 35.6552
23 40 4412 628.76
23 41 4248 85.3908
23 42 7129 76.7712
23 43 7435 20.6634
23 44 1382 28.2571
23 45 7435 104.662
23 46 8490 33.4143
23 47 267 369.572
23 48 9033 30.8146
23 49 8727 73.6252
23 50 191 838.596
24 1 2312 44.4806
24 2 3010 101.976
24 3 5386 51.1918
24 4 1287 551
24 5 2671 423.807
24 6 5625 103.487
24 7 1048 35.439
24 8 2925 21.3217
24 9 1001 69.7188
24 10 1199 342.77
24 11 4293 77.1745
24 12 8322 71.8463
24 13 3982 58.8913
24 14 5048 90.2839
24 15 4369 279.344
24 16 9386 429.332
24 17 5745 98.3499
24 18 4005 98.3019
24 19 8876 82.6616
24 20 9009 680.842
24 21 7870 43.4458
24 22 3357 57.1371
24 23 2597 759.294
24 24 0 0
24 25 5731 37.486
24 26 4141 240.641
24 27 5263 573.258
24 28 3938 516.854
24 29 434 52.1
24 30 136 61.3843
24 31 8124 431.635
24 32 4589 107.297
24 33 8196 30.2335
24 34 1954 39.486
24 35 3955 96.6343
24 36 5486 35.3905
24 37 9217 615.98
24 38 774 867.434
24 39 7557 36.2658
24 40 8843 93.2972
24 41 1985 26.5565
24 42 4534 603.207
24 43 784 797.643
24 44 9057 377.336
24 45 9686 92.12
24 46 7720 105.207
24 47 232 12.9296
24 48 258 482.206
24 49 6245 174.299
24 50 2200 998.593
25 1 6998 681.705
25 2 2352 894.477
25 3 6134 971.367
25 4 8051 47.3747
25 5 4350 97.091
25 6 3466 82.7717
25 7 9541 184.808
25 8 4189 87.5441
25 9 1348 13.647
25 10 1453 388.895
25 11 992 326.559
25 12 8090 281.096
25 13 3687 31.5478
25 14 9629 45.2042
25 15 573 81.0273
25 16 475 25.6513
25 17 8469 954.667
25 18 6476 690.717
25 19 8918 232.095
25 20 9704 841.46
25 21 4029 351.784
25 22 230 101.863
25 23 2841 25.5206
25 24 2648 93.9156
25 25 0 0
25 26 8706 347.814
25 27 7055 57.2381
25 28 1765 29.4928
25 29 3070 544.752
25 30 1228 106.406
25 31 5187 657.146
25 32 797 582.608
25 33 7758 51.2149
25 34 2072 60.2461
25 35 8929 458.267
25 36 27 107.996
25 37 6070 61.6231
25 38 6876 794.802
25 39 5634 106.048
25 40 2885 828.702
25 41 2682 49.5943
25 42 6477 17.1096
25 43 5264 26.0721
25 44 3485 103.591
25 45 1178 622.151
25 46 1622 551.476
25 47 1740 53.416
25 48 8361 456.718
25 49 9952 62.3815
25 50 2991 356.17
26 1 9098 145.877
26 2 1627 734.396
26 3 7309 463.513
26 4 6376 251.856
26 5 8020 254.632
26 6 1241 40.0996
26 7 4747 758.763
26 8 5591 70.3126
26 9 1892 53.0574
26 10 6720 49.4299
26 11 7655 101.555
26 12 9885 651.461
26 13 558 154.653
26 14 7433 93.7271
26 15 5286 86.9562
26 16 6695 399.79
26 17 8039 687.916
26 18 8093 25.0169
26 19 7380 69.1351
26 20 7888 106.194
26 21 2502 90.6423
26 22 6608 353.396
26 23 332 831.3
26 24 5289 77.5075
26 25 7670 94.0634
26 26 0 0
26 27 2300 940.128
26 28 801 495.032
26 29 7619 103.951
26 30 8409 84.0271
26 31 9477 421.139
26 32 6518 308.281
26 33 8629 63.7573
26 34 3791 863.413
26 35 2960 709.312
26 36 1568 327.128
26 37 1284 961.49
26 38 6053 913.395
26 39 4270 931.606
26 40 7879 16.6435
26 41 5123 86.8456
26 42 2724 52.1968
26 43 4689 104.252
26 44 8199 981.562
26 45 6516 663.757
26 46 3425 836.374
26 47 4213 268.973
26 48 5574 44.1347
26 49 5549 761.41
26 50 8583 649.332
27 1 8407 69.6464
27 2 2911 68.4748
27 3 7301 694.825
27 4 1834 250.093
27 5 3193 81.8508
27 6 3020 865.174
27 7 8985 53.0696
27 8 9740 738.545
27 9 2438 33.3753
27 10 8347 98.5827
27 11 8580 435.039
27 12 2615 272.527
27 13 6969 706.573
27 14 6624 36.4751
27 15 5371 830.472
27 16 6170 16.3051
27 17 3293 40.9613
27 18 5322 521.65
27 19 7365 582.555
27 20 4637 51.3934
27 21 425 20.2223
27 22 3500 50.5877
27 23 2940 84.6865
27 24 6137 77.7043
27 25 8587 43.9956
27 26 5862 31.7376
27 27 0 0
27 28 5037 62.6339
27 29 3027 535.819
27 30 5408 567.161
27 31 7729 381.777
27 32 8573 618.999
27 33 9052 96.5291
27 34 8428 82.5402
27 35 7652 97.4155
27 36 4910 561.645
27 37 6098 92.9722
27 38 1532 66.356
27 39 6550 193.855
27 40 3596 51.9152
27 41 6051 513.203
27 42 1320 42.1834
27 43 7983 40.0086
27 44 5007 80.0484
27 45 3009 229.602
27 46 1317 132.191
27 47 2598 32.8723
27 48 2078 612.249
27 49 3051 65.2383
27 50 838 69.0774
28 1 9156 299.976
28 2 6291 73.9248
28 3 1724 11.4841
28 4 6250 558.603
28 5 1867 51.2076
28 6 2006 77.2963
28 7 1608 681.221
28 8 2886 634.226
28 9 7229 15.8317
28 10 4018 59.9312
28 11 5956 60.4374
28 12 3477 455.278
28 13 1506 941.024
28 14 2744 92.6903
28 15 4675 868.318
28 16 2248 99.9422
28 17 9428 511.863
28 18 5961 59.5362
28 19 3381 453.48
28 20 7293 540.072
28 21 2237 27.4289
28 22 3322 889.334
28 23 1867 977.042
28 24 2208 83.7499
28 25 5704 99.1188
28 26 5366 657.711
28 27 8862 139.261
28 28 0 0
28 29 8791 66.4559
28 30 9935 65.5856
28 31 5346 75.5534
28 32 2214 55.4368
28 33 3342 252.333
28 34 1375 18.3356
28 35 741 109.228
28 36 1337 61.7699
28 37 1384 81.6982
28 38 2887 337.239
28 39 3806 105.554
28 40 7028 68.0831
28 41 6134 271.425
28 42 1494 506.636
28 43 9064 89.0838
28 44 8673 599.308
28 45 1828 833.071
28 46 7624 329.028
28 47 738 945.499
28 48 3418 581.906
28 49 1443 83.0112
28 50 7127 100.548
29 1 203 551.486
29 2 1612 26.8206
29 3 6295 105.993
29 4 7575 805.985
29 5 3671 653.419
29 6 3142 33.973
29 7 1693 57.6105
29 8 7394 10.0255
29 9 2755 951.441
29 10 6567 874.222
29 11 7821 334.453
29 12 9161 987.67
29 13 1855 37.8238
29 14 6543 478.493
29 15 952 641.788
29 16 8527 86.04
29 17 7902 47.2028
29 18 9516 548.371
29 19 9904 68.6666
29 20 9226 482.454
29 21 4509 87.6567
29 22 1888 86.043
29 23 5561 102.068
29 24 8242 14.8152
29 25 7659 83.2158
29 26 9288 805.766
29 27 7107 65.8006
29 28 1853 105.438
29 29 0 0
29 30 9648 65.6784
29 31 1936 19.534
29 32 5844 485.522
29 33 4278 248.816
29 34 8850 65.3429
29 35 5857 389.288
29 36 2873 522.377
29 37 9921 69.6117
29 38 144 880.236
29 39 1587 91.084
29 40 5291 428.184
29 41 4011 643.706
29 42 7019 331.631
29 43 5784 90.6409
29 44 8523 16.5712
29 45 4388 47.7778
29 46 2625 221.099
29 47 7836 29.7462
29 48 4900 107.269
29 49 1719 38.2547
29 50 513 39.1667
30 1 4835 721.295
30 2 262 23.8851
30 3 1303 107.6
30 4 2551 368.084
30 5 3215 90.8013
30 6 4241 29.231
30 7 6936 52.4767
30 8 6941 583.939
30 9 1362 207.833
30 10 2052 35.0825
30 11 1365 299.701
30 12 1236 419.8
30 13 7509 96.6438
30 14 4463 569.049
30 15 3652 390.444
30 16 4581 940.118
30 17 2827 730.446
30 18 1960 357.546
30 19 1179 691.654
30 20 5721 543.61
30 21 875 331.598
30 22 7006 77.9324
30 23 1133 102.842
30 24 5393 885.292
30 25 8308 68.5656
30 26 620 447.287
30 27 1305 74.1285
30 28 1848 49.5113
30 29 3501 89.6038
30 30 0 0
30 31 1633 22.6609
30 32 9460 77.8493
30 33 1817 172.984
30 34 6263 69.3968
30 35 3157 957.449
30 36 8699 68.1512
30 37 8807 67.6956
30 38 7724 22.6092
30 39 2386 75.3688
30 40 2438 83.368
30 41 2890 66.3904
30 42 8499 49.5184
30 43 6981 527.22
30 44 6868 349.814
30 45 4727 104.961
30 46 5020 915.652
30 47 1400 598.39
30 48 1152 937.94
30 49 7105 74.4748
30 50 4865 18.6359
31 1 4669 944.427
31 2 5886 82.2563
31 3 9390 87.2364
31 4 4893 86.3154
31 5 7176 72.3354
31 6 7984 32.8255
31 7 1978 26.3513
31 8 9777 876.415
31 9 9038 107.825
31 10 7962 904.121
31 11 50 420.076
31 12 3287 75.2721
31 13 781 40.0549
31 14 3406 526.544
31 15 4720 99.4673
31 16 6938 48.2387
31 17 2407 571.197
31 18 2637 18.0599
31 19 5354 94.9067
31 20 9296 747.906
31 21 550 418.258
31 22 1061 434.027
31 23 2978 190.397
31 24 5984 204.587
31 25 4245 90.6412
31 26 7896 975.481
31 27 5604 67.7444
31 28 5121 33.0694
31 29 7601 95.3169
31 30 2851 99.6177
31 31 0 0
31 32 5738 36.398
31 33 931 69.7937
31 34 668 62.6798
31 35 4340 595.344
31 36 6839 63.6729
31 37 8047 14.3076
31 38 3244 31.6335
31 39 3464 43.6324
31 40 5780 33.0691
31 41 1935 887.682
31 42 6242 27.1419
31 43 5105 531.979
31 44 9107 592.082
31 45 8086 75.2278
31 46 5447 259.11
31 47 9559 277.251
31 48 7360 18.9089
31 49 314 37.5821
31 50 4706 845.506
32 1 5891 627.213
32 2 5868 45.8847
32 3 5189 478.666
32 4 4914 47.0698
32 5 725 255.339
32 6 2256 297.177
32 7 6455 312.623
32 8 1218 35.7157
32 9 2150 738.225
32 10 724 104.652
32 11 4541 775.211
32 12 6453 37.3916
32 13 4901 59.9033
32 14 4466 13.8499
32 15 2168 51.9113
32 16 2347 236.216
32 17 1843 1006.54
32 18 8702 83.439
32 19 2522 666.102
32 20 6767 19.8001
32 21 9922 300.778
32 22 7569 21.2114
32 23 2303 83.343
32 24 5581 77.6703
32 25 6512 534.017
32 26 9532 937.648
32 27 6442 146.708
32 28 4095 51.8446
32 29 5261 96.1953
32 30 7550 84.3047
32 31 5669 907.237
32 32 0 0
32 33 4564 104.173
32 34 3752 33.5386
32 35 8422 34.6858
32 36 6192 356.848
32 37 1435 88.0695
32 38 2760 845.576
32 39 2974 824.114
32 40 9646 107.347
32 41 4928 14.1856
32 42 2248 106.581
32 43 3444 520.524
32 44 4024 959.929
32 45 8890 88.3052
32 46 2508 14.8393
32 47 9752 26.5065
32 48 2968 45.9285
32 49 3999 637.591
32 50 7901 80.4373
33 1 843 34.5735
33 2 2297 44.9676
33 3 2185 316.975
33 4 8076 239.745
33 5 2273 95.1417
33 6 357 94.8692
33 7 5193 84.5588
33 8 9961 479.753
33 9 7455 167.895
33 10 8123 32.8461
33 11 7225 64.3402
33 12 2313 94.5766
33 13 1760 13.2791
33 14 7425 14.621
33 15 2116 22.1411
33 16 7904 60.5251
33 17 7333 554.578
33 18 8189 30.0884
33 19 6882 777.357
33 20 6386 70.0499
33 21 2698 59.2979
33 22 7100 496.655
33 23 5488 557.331
33 24 7658 195.533
33 25 3986 45.1188
33 26 9714 837.349
33 27 3703 672.409
33 28 2056 12.1433
33 29 4093 273.706
33 30 7463 26.8183
33 31 2769 995.144
33 32 4504 51.4417
33 33 0 0
33 34 1315 664.314
33 35 5389 21.8104
33 36 4800 726.651
33 37 1823 72.0253
33 38 3166 67.1307
33 39 7671 41.5402
33 40 8003 42.2291
33 41 5267 84.987
33 42 3936 92.6598
33 43 3941 105.878
33 44 3947 413.476
33 45 9362 792.182
33 46 315 288.207
33 47 6219 11.296
33 48 4033 59.1694
33 49 4740 35.8987
33 50 9232 43.4926
34 1 1688 58.6869
34 2 7550 41.5315
34 3 3164 41.3243
34 4 8336 106.731
34 5 8553 92.4841
34 6 5122 81.3765
34 7 1085 68.1017
34 8 3454 622.366
34 9 1338 49.6579
34 10 443 442.174
34 11 4861 108.286
34 12 8407 16.5445
34 13 3852 76.5083
34 14 9346 206.188
34 15 5262 41.3073
34 16 4285 37.5486
34 17 7566 66.2665
34 18 3282 29.4791
34 19 949 58.8494
34 20 8240 87.8713
34 21 3157 222.427
34 22 7319 549.507
34 23 4664 596.55
34 24 1836 459.434
34 25 6431 63.1635
34 26 6867 625.335
34 27 757 988.74
34 28 7022 73.4812
34 29 6049 85.2444
34 30 8930 569.024
34 31 8544 52.1076
34 32 2931 24.827
34 33 3290 65.9206
34 34 0 0
34 35 1841 55.727
34 36 568 329.627
34 37 8024 56.7831
34 38 5683 983.26
34 39 4631 99.4016
34 40 4673 94.2463
34 41 3500 225.183
34 42 5203 54.4348
34 43 7347 522.816
34 44 1987 58.6031
34 45 9328 39.0764
34 46 8716 348.141
34 47 1766 736.296
34 48 2762 231.092
34 49 2919 97.8794
34 50 8223 728.882
35 1 9623 239.849
35 2 1712 29.0408
35 3 7647 91.2987
35 4 1098 73.7092
35 5 3083 34.9273
35 6 1788 108.965
35 7 3646 81.7802
35 8 5523 82.1118
35 9 880 18.7656
35 10 389 55.2226
35 11 2802 900.073
35 12 3401 106.022
35 13 4379 93.7458
35 14 8667 418.918
35 15 2260 1001.66
35 16 6998 38.9234
35 17 3451 631.275
35 18 5995 55.5613
35 19 314 86.5506
35 20 7390 454.971
35 21 8248 43.6472
35 22 6389 665.19
35 23 3368 855.476
35 24 2883 430.143
35 25 3274 875.223
35 26 3869 219.792
35 27 9738 801.992
35 28 8997 43.8117
35 29 8058 79.2616
35 30 2542 96.4219
35 31 4322 54.1871
35 32 3020 13.2067
35 33 3053 92.5215
35 34 5716 644.303
35 35 0 0
35 36 2107 19.6422
35 37 8014 470.846
35 38 2521 92.6539
35 39 8330 921.303
35 40 8260 446.256
35 41 2248 58.9054
35 42 4330 531.922
35 43 3660 434.934
35 44 9993 25.831
35 45 1355 815.796
35 46 5470 786.309
35 47 1894 16.1507
35 48 3977 960.624
35 49 1524 74.9334
35 50 529 96.0049
36 1 4010 111.477
36 2 3006 33.4188
36 3 8469 604.653
36 4 437 848.064
36 5 1333 819.895
36 6 7688 103.029
36 7 5481 16.4471
36 8 5877 52.2231
36 9 7670 89.5561
36 10 7154 62.258
36 11 5090 682.548
36 12 4021 119.684
36 13 1917 37.586
36 14 8150 30.314
36 15 8477 726.742
36 16 2262 55.0968
36 17 4316 512.24
36 18 2655 43.1404
36 19 2503 86.4998
36 20 9487 81.4327
36 21 4571 71.5644
36 22 4 105.801
36 23 116 36.3331
36 24 4918 966.555
36 25 4405 205.988
36 26 6282 88.7426
36 27 9669 60.7177
36 28 9162 426.75
36 29 2388 476.768
36 30 7223 732.164
36 31 4195 52.9883
36 32 3667 63.0717
36 33 4997 51.9539
36 34 3952 40.4107
36 35 23 32.4845
36 36 0 0
36 37 8193 48.4567
36 38 8853 42.0644
36 39 1133 99.5186
36 40 3614 63.0423
36 41 7616 12.1918
36 42 2995 99.225
36 43 1195 823.968
36 44 6235 906.756
36 45 34 51.6473
36 46 7092 67.626
36 47 5888 102.859
36 48 5034 51.7238
36 49 8848 15.1637
36 50 2689 337.459
37 1 2707 10.9703
37 2 4741 822.695
37 3 3364 45.2081
37 4 4931 595.864
37 5 9558 87.7377
37 6 8517 893.174
37 7 2563 19.9243
37 8 4332 223.011
37 9 3493 83.1655
37 10 5559 17.1924
37 11 9272 80.0587
37 12 5503 43.9807
37 13 1150 13.2573
37 14 2584 40.9602
37 15 2100 69.0432
37 16 0 189.172
37 17 2661 108.305
37 18 8276 83.2398
37 19 2049 50.2095
37 20 5113 10.2582
37 21 1084 16.4281
37 22 3928 619.112
37 23 6642 62.9325
37 24 9477 73.8887
37 25 9611 93.4554
37 26 6136 63.2799
37 27 3439 319.882
37 28 112 35.8661
37 29 8487 806.375
37 30 6467 984.661
37 31 4037 130.977
37 32 2961 255.026
37 33 5276 25.9504
37 34 3402 31.6491
37 35 5918 10.1852
37 36 2383 302.963
37 37 0 0
37 38 4017 982.998
37 39 7032 151.2
37 40 4816 11.0579
37 41 4511 41.2792
37 42 8028 129.761
37 43 4640 23.2075
37 44 9849 699.539
37 45 7509 92.4727
37 46 206 94.724
37 47 38 44.751
37 48 7007 514.71
37 49 126 51.7144
37 50 375 827.209
38 1 3451 20.7002
38 2 7172 299.102
38 3 9917 52.7793
38 4 8319 142.184
38 5 9020 103.16
38 6 1498 56.4934
38 7 1716 576.732
38 8 2162 779.796
38 9 9923 394.008
38 10 7816 76.8029
38 11 4327 51.8234
38 12 9571 70.9285
38 13 6643 372.156
38 14 8503 102.188
38 15 7724 457.947
38 16 6764 25.6861
38 17 5191 15.047
38 18 5386 431.739
38 19 1368 34.3663
38 20 2871 667.444
38 21 8361 77.3661
38 22 5053 70.5104
38 23 4624 67.1536
38 24 8065 80.5031
38 25 8873 705.128
38 26 3615 376.554
38 27 6143 576.549
38 28 6497 652.622
38 29 8036 109.483
38 30 7239 364.276
38 31 8128 32.4209
38 32 6860 826.286
38 33 607 51.9608
38 34 2933 471.968
38 35 1213 85.5512
38 36 8117 29.1959
38 37 1494 37.6125
38 38 0 0
38 39 5765 904.783
38 40 388 827.727
38 41 4344 438.967
38 42 5447 406.531
38 43 1674 23.8654
38 44 5299 274.62
38 45 9317 146.586
38 46 5880 77.6428
38 47 5416 342.092
38 48 4688 270.44
38 49 5241 61.1942
38 50 2460 60.8336
39 1 1361 503.286
39 2 7521 134.236
39 3 9300 84.8473
39 4 8104 105.022
39 5 4909 42.19
39 6 5076 904.908
39 7 6534 46.4376
39 8 6547 19.6859
39 9 7610 75.8905
39 10 9869 79.3137
39 11 4063 39.9038
39 12 3785 840.882
39 13 7162 522.88
39 14 7407 171.317
39 15 5127 205.802
39 16 5959 17.8302
39 17 4764 98.4369
39 18 6012 815.963
39 19 3901 129.207
39 20 7843 728.886
39 21 931 432.725
39 22 7509 669.693
39 23 5728 92.6319
39 24 911 16.1258
39 25 1061 72.913
39 26 1846 676.52
39 27 9148 859.858
39 28 8383 521.235
39 29 590 921.091
39 30 7364 66.1367
39 31 4811 107.04
39 32 6998 73.1475
39 33 5094 678.828
39 34 1102 25.7307
39 35 9478 57.1353
39 36 2428 76.0212
39 37 4084 901.445
39 38 4627 20.5211
39 39 0 0
39 40 3310 408.368
39 41 7743 52.9822
39 42 4147 902.71
39 43 2938 18.607
39 44 1548 94.0784
39 45 3491 76.9731
39 46 6175 83.423
39 47 1079 240.081
39 48 7809 245.587
39 49 7482 645.117
39 50 2462 33.4634
40 1 299 163.346
40 2 1540 21.0137
40 3 3467 537.734
40 4 885 16.583
40 5 8580 560.743
40 6 4758 14.3732
40 7 9536 27.3927
40 8 8410 70.7848
40 9 6879 29.5353
40 10 9678 54.7677
40 11 4695 285.912
40 12 1996 34.1424
40 13 6394 324.614
40 14 4887 22.6956
40 15 8921 357.278
40 16 5950 142.888
40 17 9101 63.0921
40 18 3505 30.1589
40 19 6896 13.6337
40 20 3900 24.0375
40 21 532 101.207
40 22 8183 88.1247
40 23 58 650.614
40 24 9093 67.6241
40 25 486 52.8913
40 26 431 878.361
40 27 1456 72.8813
40 28 1936 950.351
40 29 2384 48.5626
40 30 282 568.564
40 31 8092 744.989
40 32 8819 731.184
40 33 4001 637.287
40 34 3459 991.031
40 35 1725 858.246
40 36 83 789.676
40 37 3292 91.9053
40 38 888 24.0304
40 39 3985 361.278
40 40 0 0
40 41 9462 657.326
40 42 6998 57.6128
40 43 1287 21.3595
40 44 3382 90.115
40 45 3325 863.408
40 46 8709 407.325
40 47 8454 790.177
40 48 4863 23.4855
40 49 3389 109.228
40 50 7537 564.034
41 1 7852 866.462
41 2 7290 13.9936
41 3 3678 11.6526
41 4 1552 66.748
41 5 26 43.341
41 6 5489 99.0559
41 7 1132 677.84
41 8 3738 63.3614
41 9 4762 21.6693
41 10 6140 45.743
41 11 257 39.4386
41 12 3747 58.6125
41 13 4701 677.637
41 14 4644 66.0106
41 15 1224 89.0818
41 16 4252 44.0803
41 17 1806 68.3087
41 18 7617 82.3009
41 19 7682 163.958
41 20 6536 59.1458
41 21 870 18.6787
41 22 146 597.273
41 23 1362 479.042
41 24 2157 94.5689
41 25 5913 61.8366
41 26 8660 350.479
41 27 9106 80.9353
41 28 5705 50.5166
41 29 6025 572.773
41 30 3455 184.45
41 31 1883 804.232
41 32 2811 288.58
41 33 6233 677.431
41 34 5826 987.311
41 35 9494 785.699
41 36 912 49.6006
41 37 1921 738.791
41 38 6358 451.893
41 39 1608 16.8927
41 40 5137 736.587
41 41 0 0
41 42 6735 87.2302
41 43 3010 60.0458
41 44 7709 407.18
41 45 8239 140.106
41 46 9242 35.934
41 47 8296 67.5702
41 48 9652 429.993
41 49 5117 95.0523
41 50 5012 600.301
42 1 7020 89.3286
42 2 1325 960.934
42 3 7854 25.0033
42 4 4048 987.857
42 5 327 913.446
42 6 6144 782.491
42 7 117 113.357
42 8 7257 246.521
42 9 318 891.339
42 10 7711 452.975
42 11 5460 494.204
42 12 7020 189.474
42 13 628 42.3018
42 14 5446 29.3415
42 15 7707 468.097
42 16 5942 19.4375
42 17 6941 97.7948
42 18 4321 214.822
42 19 6354 90.3788
42 20 3048 126.74
42 21 8713 31.2603
42 22 8488 827.966
42 23 9108 80.513
42 24 3582 47.4554
42 25 5972 233.416
42 26 4517 48.1823
42 27 7515 119.114
42 28 6911 108.099
42 29 2357 51.745
42 30 8969 279.011
42 31 816 22.5976
42 32 5862 88.1632
42 33 4490 196.91
42 34 8200 501.845
42 35 3746 77.4294
42 36 5103 647.703
42 37 4768 25.4563
42 38 2857 42.823
42 39 9331 405.225
42 40 4510 246.889
42 41 6103 306.196
42 42 0 0
42 43 9572 15.735
42 44 8288 79.9825
42 45 9231 556.639
42 46 7848 801.206
42 47 8198 901.623
42 48 2576 104.227
42 49 7922 92.1082
42 50 4911 83.2893
43 1 9896 58.1488
43 2 2277 193.605
43 3 3473 15.1849
43 4 5619 914.185
43 5 527 54.5744
43 6 5428 15.108
43 7 6294 104.361
43 8 6697 515.15
43 9 1449 94.4821
43 10 165 104.361
43 11 8851 31.8977
43 12 9180 949.924
43 13 5615 242.431
43 14 4019 97.8129
43 15 7938 73.9278
43 16 9220 291.674
43 17 7965 215.66
43 18 9275 483.591
43 19 1566 250.028
43 20 6752 843.202
43 21 7812 74.8336
43 22 1960 932.322
43 23 5300 961.354
43 24 3755 89.2782
43 25 5613 156.432
43 26 9163 65.8943
43 27 9548 831.519
43 28 7671 835.784
43 29 2460 61.4004
43 30 1837 80.7262
43 31 4362 23.8449
43 32 2635 38.9054
43 33 8932 352.682
43 34 6728 361.182
43 35 7992 228.74
43 36 3253 49.1099
43 37 7939 929.34
43 38 4696 84.7071
43 39 6573 389.44
43 40 5019 76.1268
43 41 6552 63.6169
43 42 6374 233.118
43 43 0 0
43 44 7315 672.041
43 45 7692 95.3672
43 46 5174 47.1226
43 47 401 68.3546
43 48 6243 10.4
43 49 665 848.249
43 50 5645 65.9882
44 1 6398 50.8929
44 2 6028 228.592
44 3 2349 647.206
44 4 7320 68.7093
44 5 2593 11.9607
44 6 5572 737.531
44 7 8222 95.7297
44 8 6058 106.785
44 9 2276 98.0703
44 10 7251 52.1646
44 11 9795 20.4681
44 12 5394 647.069
44 13 1113 167.261
44 14 9589 105.431
44 15 6105 47.0895
44 16 7389 768.202
44 17 1435 43.4969
44 18 7847 502.296
44 19 8213 24.9522
44 20 6285 63.7184
44 21 2286 594.325
44 22 3938 50.2611
44 23 1441 14.4745
44 24 227 83.3844
44 25 1257 23.195
44 26 8577 42.443
44 27 3713 78.251
44 28 713 799.737
44 29 8526 660.11
44 30 1465 20.1879
44 31 7878 80.4926
44 32 4163 878.179
44 33 2702 820.231
44 34 5842 26.8288
44 35 905 62.9441
44 36 3187 923.299
44 37 8261 14.7393
44 38 4349 799.019
44 39 3863 20.6027
44 40 9078 97.9118
44 41 3598 62.9939
44 42 7218 26.3171
44 43 8037 425.882
44 44 0 0
44 45 7168 54.5333
44 46 552 30.5833
44 47 4294 78.2761
44 48 5784 89.0865
44 49 6456 80.8569
44 50 6861 41.3684
45 1 8861 85.5731
45 2 1445 98.4291
45 3 547 99.6103
45 4 6457 591.365
45 5 617 198.958
45 6 5957 462.728
45 7 3735 514.623
45 8 6176 679.074
45 9 3346 638.591
45 10 2310 27.291
45 11 7947 962.143
45 12 5369 16.8167
45 13 5158 32.591
45 14 5127 303.551
45 15 7032 18.132
45 16 7661 85.7504
45 17 6975 861.546
45 18 8160 286.745
45 19 5829 18.0492
45 20 685 15.1806
45 21 237 306.715
45 22 2621 79.4337
45 23 5081 784.61
45 24 4837 710.705
45 25 2630 98.8505
45 26 5629 88.3342
45 27 737 601.049
45 28 5898 47.9901
45 29 3248 104.077
45 30 5594 992.209
45 31 9798 91.7918
45 32 4721 213.622
45 33 4514 32.775
45 34 3371 88.6406
45 35 7750 56.0955
45 36 972 54.0355
45 37 2642 187.334
45 38 2847 27.6516
45 39 7763 116.973
45 40 7090 69.7299
45 41 5841 830.402
45 42 9259 738.425
45 43 1770 399.536
45 44 5828 12.9644
45 45 0 0
45 46 9264 952.302
45 47 9111 30.8829
45 48 3029 68.6728
45 49 699 102.755
45 50 6631 518.03
46 1 304 418.669
46 2 8755 78.1269
46 3 4924 72.2547
46 4 8730 102.684
46 5 7957 378.755
46 6 1091 74.8998
46 7 3466 666.076
46 8 712 27.3329
46 9 6270 89.1807
46 10 6039 901.411
46 11 3266 422.905
46 12 2601 348.499
46 13 1139 496.111
46 14 6305 15.9363
46 15 2613 296.004
46 16 6138 105.244
46 17 8278 529.627
46 18 2709 437.918
46 19 5721 95.4648
46 20 6513 107.633
46 21 2849 909.946
46 22 4522 232.785
46 23 7373 86.5253
46 24 663 35.5775
46 25 2513 18.3885
46 26 5104 37.9228
46 27 1348 794.106
46 28 6709 817.349
46 29 4216 945.683
46 30 920 19.6656
46 31 7101 808.297
46 32 5766 459.275
46 33 2024 740.859
46 34 4446 275.597
46 35 8114 108.033
46 36 986 253.806
46 37 505 715.03
46 38 6488 30.0761
46 39 9649 46.2274
46 40 2610 62.343
46 41 1410 49.4956
46 42 5667 399.756
46 43 4335 94.6328
46 44 5848 35.0785
46 45 1921 672.489
46 46 0 0
46 47 2463 46.7445
46 48 9965 41.8093
46 49 5408 44.0593
46 50 8799 104.326
47 1 2211 100.035
47 2 2158 891.659
47 3 7840 797.131
47 4 3779 93.9552
47 5 54 90.4177
47 6 4622 103.678
47 7 2702 42.1245
47 8 5748 33.68
47 9 8758 56.7551
47 10 1145 830.848
47 11 4422 242.373
47 12 8564 89.8781
47 13 7970 41.8369
47 14 7461 250.413
47 15 9061 39.5771
47 16 7217 760.04
47 17 6395 68.3547
47 18 7582 50.0975
47 19 3986 834.722
47 20 5744 967.497
47 21 1561 90.0695
47 22 7697 887.747
47 23 8265 68.361
47 24 5285 40.8038
47 25 3092 907.36
47 26 3886 70.236
47 27 3238 95.5287
47 28 6314 81.431
47 29 3079 90.6797
47 30 5295 49.7049
47 31 5408 438.328
47 32 8334 810.986
47 33 9879 406.682
47 34 587 10.2547
47 35 4237 468.133
47 36 7236 577.617
47 37 7854 36.7777
47 38 5145 97.9859
47 39 7562 650.663
47 40 3862 27.7392
47 41 8840 93.1937
47 42 9622 41.5627
47 43 4771 277.593
47 44 8611 16.2016
47 45 8601 781.867
47 46 156 870.36
47 47 0 0
47 48 6845 12.172
47 49 8712 93.9494
47 50 2394 45.3778
48 1 9173 399.296
48 2 1146 100.354
48 3 6226 707.217
48 4 2110 658.062
48 5 7063 43.9689
48 6 9074 90.1368
48 7 8531 86.6764
48 8 2025 11.9305
48 9 9145 97.1166
48 10 9853 98.7798
48 11 9934 471.569
48 12 4681 396.583
48 13 5856 302.148
48 14 1791 107.925
48 15 5071 854.574
48 16 9929 900.664
48 17 3308 585.656
48 18 2444 477.166
48 19 5192 842.97
48 20 3048 562.929
48 21 9928 277.705
48 22 6989 1005.04
48 23 2128 576.863
48 24 8615 39.8809
48 25 3925 468.468
48 26 6670 15.2042
48 27 8155 95.1397
48 28 2185 81.6895
48 29 1956 77.0255
48 30 2534 65.0971
48 31 6311 81.2821
48 32 2462 64.5101
48 33 4837 961.354
48 34 6015 72.8797
48 35 1753 32.5493
48 36 1820 18.113
48 37 5290 37.5845
48 38 695 67.6403
48 39 2763 994.733
48 40 639 47.2001
48 41 4178 836.988
48 42 6016 821.262
48 43 836 721.406
48 44 4494 91.9568
48 45 5132 21.4998
48 46 4175 452.27
48 47 1551 79.2049
48 48 0 0
48 49 6921 449.99
48 50 9081 163.258
49 1 3224 674.825
49 2 5102 537.618
49 3 8291 19.3428
49 4 2484 20.5037
49 5 9809 391.562
49 6 5233 147.729
49 7 2682 842.004
49 8 8825 61.6429
49 9 875 14.2401
49 10 1961 136.816
49 11 3094 53.9928
49 12 458 63.2709
49 13 6715 127.979
49 14 680 750.839
49 15 3542 45.2644
49 16 4965 68.2189
49 17 3054 664.969
49 18 5982 662.112
49 19 9038 94.9464
49 20 2919 833.428
49 21 6738 65.8737
49 22 7488 437.391
49 23 9347 35.6378
49 24 4682 95.696
49 25 683 950.544
49 26 5492 336.696
49 27 592 23.0414
49 28 160 89.3971
49 29 4801 19.413
49 30 8734 31.6731
49 31 3743 579.184
49 32 6701 83.1596
49 33 2710 33.1586
49 34 2767 17.8496
49 35 3003 47.7362
49 36 5932 60.9747
49 37 435 623.381
49 38 5547 530.265
49 39 93 84.683
49 40 7653 43.5477
49 41 3835 423.021
49 42 4438 51.9389
49 43 9920 98.7292
49 44 3348 103.471
49 45 8106 40.2473
49 46 5032 44.3235
49 47 1797 649.182
49 48 5102 855.282
49 49 0 0
49 50 9985 623.646
50 1 2782 803.74
50 2 9114 30.899
50 3 9369 51.8135
50 4 3739 858.564
50 5 8867 85.6656
50 6 2140 1009.37
50 7 592 527.255
50 8 3365 647
50 9 7402 499.023
50 10 2863 96.7294
50 11 7255 88.1225
50 12 6606 457.549
50 13 7365 53.5449
50 14 9879 486.522
50 15 3212 90.2354
50 16 6483 501.441
50 17 9990 102.114
50 18 2369 611.211
50 19 7705 155.023
50 20 7896 82.8454
50 21 9388 141.508
50 22 9834 75.6488
50 23 3069 16.0807
50 24 3531 773.853
50 25 7492 75.2918
50 26 4652 672.709
50 27 3117 105.7
50 28 7919 305.125
50 29 7208 100.017
50 30 2438 85.6107
50 31 7241 486.592
50 32 3457 95.5361
50 33 7495 111.404
50 34 7781 642.856
50 35 8054 308.28
50 36 831 864.333
50 37 954 40.0386
50 38 9017 163.696
50 39 8385 61.2613
50 40 9163 492.106
50 41 7863 323.525
50 42 4444 336.742
50 43 9160 106.931
50 44 2081 77.6668
50 45 6734 102.535
50 46 9036 61.7703
50 47 9117 955.171
50 48 9671 22.8898
50 49 6717 680.093
50 50 0 0
458
493
450
348
208
100
421
152
356
365
164
458
247
246
194
100
480
132
118
16
105
455
485
32
226
157
477
204
374
159
301
184
152
103
384
212
204
306
364
60
23
381
18
270
127
212
222
459
196
193
