25
0.5
1 1 0 0
1 2 5133 647.435
1 3 4569 160.456
1 4 1813 53.6563
1 5 2072 726.946
1 6 4260 700.976
1 7 4265 863.799
1 8 7196 94.3701
1 9 8943 86.5857
1 10 715 25.7455
1 11 5106 33.4189
1 12 8884 843.383
1 13 8469 810.853
1 14 3636 60.6656
1 15 1032 462.308
1 16 310 61.7461
1 17 5803 621.606
1 18 1842 245.907
1 19 1655 1006.69
1 20 501 939.335
1 21 8113 203.181
1 22 9450 929.71
1 23 8971 160.668
1 24 1120 657.926
1 25 4296 106.384
2 1 9741 102.114
2 2 0 0
2 3 4531 40.0063
2 4 8272 196.949
2 5 9175 101.58
2 6 4508 102.367
2 7 7854 26.0437
2 8 6623 76.059
2 9 5004 71.5654
2 10 1216 61.3821
2 11 9775 55.3918
2 12 2753 608.804
2 13 4412 73.9454
2 14 1720 52.9666
2 15 9169 91.3143
2 16 4760 65.5739
2 17 2854 91.4912
2 18 1263 624.078
2 19 2517 88.6622
2 20 7791 23.3396
2 21 4367 171.056
2 22 9631 331.91
2 23 6597 23.342
2 24 8363 30.7191
2 25 5829 87.913
3 1 650 94.5931
3 2 6974 43.6931
3 3 0 0
3 4 5618 455.309
3 5 9681 19.0777
3 6 838 52.4004
3 7 3856 19.2914
3 8 9385 16.135
3 9 3518 35.0449
3 10 787 106.027
3 11 9463 47.7775
3 12 5075 428.748
3 13 2131 16.8679
3 14 4837 40.257
3 15 6168 976.445
3 16 1129 16.0057
3 17 4583 107.228
3 18 9009 63.1876
3 19 7162 972.805
3 20 7100 12.9469
3 21 3249 171.535
3 22 8425 182.146
3 23 3740 71.7039
3 24 8402 321.128
3 25 7320 878.491
4 1 9365 17.5748
4 2 8680 76.2951
4 3 3279 11.1888
4 4 0 0
4 5 1851 30.2339
4 6 4641 90.3167
4 7 6363 11.0862
4 8 2848 614.557
4 9 1098 440.18
4 10 1734 834.665
4 11 3079 33.3318
4 12 4814 756.919
4 13 7778 88.9471
4 14 5827 55.3887
4 15 4699 90.1518
4 16 7911 18.2812
4 17 9900 35.8044
4 18 2832 80.4987
4 19 5431 852.39
4 20 6180 77.7121
4 21 9918 61.175
4 22 2812 322.723
4 23 8695 24.0095
4 24 2151 19.1094
4 25 8541 79.7597
5 1 5027 932.408
5 2 5062 89.4997
5 3 1894 486.898
5 4 300 24.0259
5 5 0 0
5 6 4022 412.117
5 7 1460 583.601
5 8 2640 533.202
5 9 6927 42.6668
5 10 3001 60.2923
5 11 4142 79.5265
5 12 8552 473.925
5 13 874 25.9439
5 14 7470 802.67
5 15 7541 978.173
5 16 5833 21.6129
5 17 3136 16.1204
5 18 6177 46.7139
5 19 6122 799.58
5 20 7103 20.9272
5 21 7650 459.677
5 22 6110 71.2313
5 23 6748 77.9992
5 24 5814 920.759
5 25 6142 10.9599
6 1 9513 828.902
6 2 8461 11.579
6 3 2904 21.2013
6 4 5653 52.0293
6 5 1756 90.7246
6 6 0 0
6 7 9716 28.4403
6 8 4428 438.925
6 9 7270 746.697
6 10 3304 100.272
6 11 4425 413.884
6 12 3637 48.0454
6 13 2258 33.4546
6 14 805 63.9761
6 15 5565 829.3
6 16 2523 409.831
6 17 1976 341.647
6 18 770 41.0013
6 19 7458 89.8854
6 20 6561 967.608
6 21 1901 67.8947
6 22 7372 641.042
6 23 2455 240.023
6 24 6637 447.094
6 25 6095 38.8968
7 1 6953 585.225
7 2 9016 50.5137
7 3 3584 32.838
7 4 6766 667.267
7 5 1662 381.79
7 6 4088 292.708
7 7 0 0
7 8 184 49.962
7 9 2169 551.429
7 10 8504 82.3925
7 11 2093 15.912
7 12 1293 977.307
7 13 5156 539.211
7 14 2455 102.923
7 15 3969 69.6302
7 16 616 36.7111
7 17 2054 854.379
7 18 9059 83.199
7 19 8917 320.399
7 20 238 91.415
7 21 180 793.006
7 22 660 46.2659
7 23 1498 107.376
7 24 77 102.714
7 25 4465 216.411
8 1 4824 71.0433
8 2 4066 106.813
8 3 4093 34.4497
8 4 2277 694.528
8 5 1074 656.928
8 6 9825 66.8794
8 7 1920 83.9091
8 8 0 0
8 9 3370 743.046
8 10 6838 965.795
8 11 2260 73.5718
8 12 6403 53.0083
8 13 3633 720.678
8 14 8038 86.0212
8 15 9803 988.306
8 16 3800 916.388
8 17 2183 36.8384
8 18 9749 133.413
8 19 4144 53.8784
8 20 4171 84.3707
8 21 4991 106.742
8 22 6923 80.6214
8 23 4233 32.7212
8 24 5327 384.788
8 25 9263 98.0934
9 1 1310 66.0474
9 2 8060 724.279
9 3 9692 648.635
9 4 3219 96.5382
9 5 6491 46.8279
9 6 9585 84.4664
9 7 6968 29.0354
9 8 6166 42.6376
9 9 0 0
9 10 4895 67.9344
9 11 3598 29.3756
9 12 906 95.4139
9 13 1541 217.421
9 14 1680 92.2396
9 15 5948 448.156
9 16 5010 88.7745
9 17 4760 836.958
9 18 1108 29.1513
9 19 456 321.494
9 20 9142 99.7577
9 21 8852 719.976
9 22 5742 82.6997
9 23 7260 865.026
9 24 4646 46.2449
9 25 1296 47.2678
10 1 7708 334.496
10 2 4404 971.612
10 3 23 35.144
10 4 4194 910.195
10 5 4797 145.088
10 6 3511 340.907
10 7 9600 46.8586
10 8 4374 314.173
10 9 8597 95.1947
10 10 0 0
10 11 1961 660.542
10 12 7685 66.5342
10 13 8612 974.626
10 14 4328 932.859
10 15 1800 73.0396
10 16 7195 51.3612
10 17 8112 95.1852
10 18 5445 23.8872
10 19 9158 138.809
10 20 8087 12.9086
10 21 6617 76.2097
10 22 696 476
10 23 8982 238.538
10 24 5291 87.667
10 25 8028 311.909
11 1 6705 125.748
11 2 4111 21.5766
11 3 9099 11.1939
11 4 7411 541.262
11 5 9013 538.764
11 6 8549 46.6892
11 7 7317 428.325
11 8 5729 17.5579
11 9 8188 19.6204
11 10 1070 103.57
11 11 0 0
11 12 8569 52.6246
11 13 8186 712.925
11 14 7080 106.646
11 15 7557 985.995
11 16 3990 74.5145
11 17 1329 105.604
11 18 7887 65.9232
11 19 1351 12.0053
11 20 6684 313.132
11 21 4566 341.329
11 22 6798 83.5038
11 23 3279 102.787
11 24 9416 771.684
11 25 9711 47.5345
12 1 6970 907.665
12 2 1984 45.773
12 3 1370 427.636
12 4 5824 64.3384
12 5 7032 106.351
12 6 7581 464.688
12 7 4557 41.8824
12 8 8311 77.1666
12 9 2956 638.981
12 10 293 212.709
12 11 7735 934.11
12 12 0 0
12 13 4295 42.1948
12 14 1225 773.117
12 15 3140 76.5939
12 16 4825 13.7973
12 17 4467 107.542
12 18 432 51.3989
12 19 3994 87.9919
12 20 3339 786.137
12 21 1898 59.9291
12 22 3582 102.537
12 23 6027 709.534
12 24 3268 787.812
12 25 6839 81.9441
13 1 8091 64.4474
13 2 6413 65.6043
13 3 3667 95.4768
13 4 2060 96.7813
13 5 2166 93.0923
13 6 9753 83.6491
13 7 7237 105.986
13 8 1588 49.8698
13 9 4789 51.0732
13 10 4562 423.599
13 11 6732 105.068
13 12 4683 995.494
13 13 0 0
13 14 8699 107.272
13 15 6987 241.187
13 16 7857 53.2559
13 17 3321 215.817
13 18 7322 85.3671
13 19 3946 10.023
13 20 7488 277.443
13 21 1879 41.8426
13 22 3906 829.117
13 23 4746 90.749
13 24 5219 35.8967
13 25 2109 68.7536
14 1 3059 67.3116
14 2 4111 1001.85
14 3 7164 44.3013
14 4 8504 561.994
14 5 7806 328.323
14 6 8339 51.981
14 7 3294 585.897
14 8 761 341.057
14 9 7155 34.1334
14 10 2495 402.205
14 11 8841 75.1482
14 12 8359 860.088
14 13 3507 82.4515
14 14 0 0
14 15 5169 244.623
14 16 7639 789.11
14 17 3000 778.71
14 18 8520 71.702
14 19 931 284.725
14 20 1268 737.319
14 21 1879 957.522
14 22 8806 26.6522
14 23 3554 91.6878
14 24 5798 20.4406
14 25 2858 88.278
15 1 5034 862.227
15 2 9813 590.192
15 3 5426 295.1
15 4 9428 88.6068
15 5 9269 900.587
15 6 169 95.7622
15 7 4236 37.4709
15 8 883 724.966
15 9 7867 27.0236
15 10 1410 108.353
15 11 7310 716.852
15 12 2431 75.8515
15 13 8760 35.8331
15 14 2295 18.2197
15 15 0 0
15 16 3798 56.1171
15 17 6775 646.585
15 18 3723 10.0646
15 19 7131 214.834
15 20 4415 109.238
15 21 2729 418.373
15 22 3595 376.861
15 23 8300 85.3812
15 24 2548 347.937
15 25 1213 746.256
16 1 8873 233.493
16 2 3149 536.968
16 3 2272 69.4202
16 4 5048 69.1716
16 5 1383 43.639
16 6 7076 942.629
16 7 1337 173.212
16 8 5552 890.367
16 9 9534 674.285
16 10 1414 90.0068
16 11 4267 17.3783
16 12 6420 386.018
16 13 8986 574.393
16 14 5256 923.618
16 15 9763 23.8658
16 16 0 0
16 17 6725 50.9751
16 18 3904 720.429
16 19 8612 84.7545
16 20 3279 27.9613
16 21 9370 36.4965
16 22 9180 18.5797
16 23 6508 20.3281
16 24 4481 964.002
16 25 471 648.606
17 1 7960 371.927
17 2 4069 32.3203
17 3 1525 73.0807
17 4 277 105.16
17 5 2271 949.396
17 6 6409 103.213
17 7 6608 676.058
17 8 9036 46.4674
17 9 9546 564.945
17 10 411 93.1073
17 11 327 794.775
17 12 7028 85.2439
17 13 3944 76.6696
17 14 2412 79.0757
17 15 1633 714.988
17 16 3844 47.3676
17 17 0 0
17 18 4109 59.6889
17 19 3046 24.8409
17 20 7076 714.255
17 21 1537 82.8819
17 22 1685 145.718
17 23 9988 73.6121
17 24 9523 102.225
17 25 1489 432.065
18 1 3556 320.599
18 2 9001 86.7466
18 3 7196 15.7631
18 4 6376 276.891
18 5 346 508.528
18 6 2643 716.544
18 7 1035 539.546
18 8 6186 42.9459
18 9 2165 42.9486
18 10 9554 26.0436
18 11 5925 783.909
18 12 3550 20.9302
18 13 1542 108.742
18 14 6510 418.289
18 15 1138 50.2615
18 16 4027 646.667
18 17 2886 104.152
18 18 0 0
18 19 4394 20.1941
18 20 8282 97.0376
18 21 2144 101.352
18 22 4744 102.213
18 23 419 70.1189
18 24 3014 334.38
18 25 6637 598.59
19 1 4334 64.2228
19 2 9534 899.548
19 3 7422 45.9369
19 4 2386 97.4091
19 5 4416 147.281
19 6 3035 53.1235
19 7 2435 401.338
19 8 9822 338.188
19 9 6900 19.2514
19 10 4513 502.159
19 11 1742 14.3802
19 12 5285 26.2709
19 13 1432 65.5423
19 14 7572 761.491
19 15 9891 18.0371
19 16 6907 881.549
19 17 8173 295.463
19 18 9614 106.021
19 19 0 0
19 20 4781 51.2525
19 21 7920 343.716
19 22 9190 36.7885
19 23 2432 627.646
19 24 1674 29.6656
19 25 9802 425.463
20 1 7563 916.977
20 2 3239 374.586
20 3 5327 80.1808
20 4 8570 850.77
20 5 6093 48.2662
20 6 4558 75.1865
20 7 3305 246.968
20 8 6669 690.199
20 9 4184 97.1107
20 10 9625 179.061
20 11 5378 671.468
20 12 9508 495.611
20 13 4105 82.7241
20 14 8901 91.4145
20 15 2774 48.0608
20 16 6272 85.3724
20 17 6612 463.293
20 18 5538 28.057
20 19 8333 108.265
20 20 0 0
20 21 9135 86.18
20 22 9164 932.665
20 23 4664 76.1231
20 24 2541 859.048
20 25 7320 781.579
21 1 2265 534.843
21 2 4860 62.1366
21 3 3026 104.863
21 4 5953 61.3221
21 5 2425 49.4083
21 6 7764 85.7117
21 7 4476 11.7785
21 8 3774 18.3063
21 9 1600 327.539
21 10 3281 433.019
21 11 3741 250.275
21 12 9072 161.967
21 13 3832 819.962
21 14 4031 55.1227
21 15 6338 85.5961
21 16 7640 605.273
21 17 1212 148.222
21 18 8784 56.2772
21 19 9864 90.505
21 20 1261 58.7264
21 21 0 0
21 22 5524 100.706
21 23 8131 112.511
21 24 5354 837.328
21 25 158 544.809
22 1 4432 415.524
22 2 6510 63.7738
22 3 1879 703.251
22 4 6057 89.4728
22 5 1002 513.399
22 6 5609 678.313
22 7 3549 71.05
22 8 7087 30.6452
22 9 7436 72.5885
22 10 3974 51.4212
22 11 9005 94.6548
22 12 8602 41.296
22 13 3234 11.1253
22 14 7377 52.3109
22 15 1157 30.7533
22 16 2526 834.457
22 17 4766 326.104
22 18 4321 102.275
22 19 7559 806.355
22 20 1018 756.888
22 21 5080 32.5573
22 22 0 0
22 23 6083 108.837
22 24 8021 640.558
22 25 5753 300.352
23 1 4416 24.0324
23 2 226 616.648
23 3 8094 565.463
23 4 6247 777.541
23 5 113 44.5393
23 6 4102 21.6347
23 7 5669 71.5212
23 8 8302 34.7513
23 9 8510 65.0989
23 10 8173 31.8889
23 11 6052 14.5943
23 12 6797 63.5549
23 13 2370 45.602
23 14 6320 578.406
23 15 2085 389.16
23 16 3455 51.4165
23 17 756 18.7635
23 18 2992 58.4224
23 19 8766 645.228
23 20 368 561.9
23 21 8825 286.551
23 22 5293 11.6714
23 23 0 0
23 24 1355 69.6845
23 25 5425 43.3049
24 1 8176 24.8074
24 2 7167 848.274
24 3 9769 25.0537
24 4 1062 41.0437
24 5 6184 316.347
24 6 4102 86.8823
24 7 9623 108.822
24 8 7165 988.566
24 9 6953 44.6514
24 10 9785 74.7525
24 11 5557 659.14
24 12 7086 706.752
24 13 2121 100.671
24 14 2685 99.4224
24 15 3432 916.809
24 16 6519 59.5453
24 17 2823 97.9046
24 18 8397 113.531
24 19 6390 714.456
24 20 5525 13.7841
24 21 2121 682.093
24 22 4616 996.371
24 23 2817 404.841
24 24 0 0
24 25 3833 995.138
25 1 7952 34.1486
25 2 2995 89.9114
25 3 2979 30.9922
25 4 9433 760.46
25 5 7650 447.444
25 6 8985 877.718
25 7 8863 47.433
25 8 1812 115.356
25 9 4999 909.067
25 10 8195 916.003
25 11 8812 446.599
25 12 6684 89.7204
25 13 8617 766.64
25 14 4233 313.126
25 15 7051 425.228
25 16 1318 449.461
25 17 5877 33.3484
25 18 6285 91.603
25 19 3276 61.4259
25 20 1676 34.7443
25 21 4169 251.709
25 22 4189 81.9632
25 23 4605 20.9592
25 24 8242 947.744
25 25 0 0
349
55
372
317
226
399
22
455
142
437
241
48
179
369
454
65
45
407
133
67
25
482
256
327
107
