11
0.75
1 1 0 0
1 2 5965 39.608
1 3 182 17.0688
1 4 8345 66.2687
1 5 1860 961.853
1 6 5139 32.5666
1 7 5517 944.269
1 8 5672 931.012
1 9 7222 840.86
1 10 4566 39.1369
1 11 753 574.203
2 1 34 861.653
2 2 0 0
2 3 7540 724.254
2 4 8762 727.573
2 5 2847 472.916
2 6 1550 52.117
2 7 398 645.955
2 8 6995 102.652
2 9 7789 78.6362
2 10 6292 392.989
2 11 9469 728.652
3 1 6640 22.354
3 2 6694 869.865
3 3 0 0
3 4 8279 31.1523
3 5 7138 464.907
3 6 1205 232.122
3 7 2229 170.527
3 8 3502 38.8573
3 9 223 67.0516
3 10 5785 777.717
3 11 6853 895.455
4 1 3864 79.9541
4 2 5489 516.056
4 3 9204 47.5687
4 4 0 0
4 5 2412 881.121
4 6 621 954.212
4 7 1675 92.0624
4 8 4738 444.628
4 9 1836 80.7236
4 10 6543 56.9307
4 11 3424 22.211
5 1 9586 910.15
5 2 5062 108.478
5 3 3745 990.346
5 4 4397 614.431
5 5 0 0
5 6 9866 41.9948
5 7 4406 64.8067
5 8 8414 934.743
5 9 8887 386.491
5 10 9966 599.674
5 11 1590 957.28
6 1 5934 26.7961
6 2 3285 47.5257
6 3 6689 439.034
6 4 7131 64.0813
6 5 1748 26.5502
6 6 0 0
6 7 1746 62.5223
6 8 5706 88.0503
6 9 7132 31.9914
6 10 6245 51.3974
6 11 7888 23.0399
7 1 6210 35.4645
7 2 7778 58.6252
7 3 8083 341.277
7 4 2680 175.405
7 5 334 95.9758
7 6 1666 368.548
7 7 0 0
7 8 4704 492.398
7 9 7834 76.5937
7 10 5597 626.401
7 11 4535 90.3097
8 1 1721 33.8237
8 2 9445 92.1971
8 3 6417 63.9074
8 4 6382 379.894
8 5 89 101.886
8 6 7406 515.927
8 7 9089 689.156
8 8 0 0
8 9 7202 46.329
8 10 3336 944.822
8 11 1105 993.425
9 1 8452 55.638
9 2 1310 62.1646
9 3 9316 564.483
9 4 9161 108.392
9 5 678 360.781
9 6 9265 830.558
9 7 9370 928.476
9 8 349 435.04
9 9 0 0
9 10 5686 570.163
9 11 1625 747.817
10 1 2408 98.4038
10 2 597 876.566
10 3 7617 568.557
10 4 4257 59.5654
10 5 3195 853.261
10 6 1119 56.1137
10 7 6046 717.83
10 8 6329 16.5738
10 9 6154 210.796
10 10 0 0
10 11 3823 82.9406
11 1 7519 464.665
11 2 8962 71.4811
11 3 7597 13.1815
11 4 6194 34.4749
11 5 1135 633.511
11 6 8860 96.9605
11 7 425 24.1027
11 8 1270 56.4864
11 9 4950 52.1764
11 10 8449 956.547
11 11 0 0
226
226
455
231
188
212
276
285
439
232
332
