8
0.5
1 1 0 0
1 2 2876 176.393
1 3 1628 64.9713
1 4 1325 803.719
1 5 8509 791.769
1 6 2914 71.5749
1 7 1213 69.148
1 8 964 108.155
2 1 7817 103.006
2 2 0 0
2 3 3367 86.3123
2 4 9544 467.788
2 5 6692 14.5783
2 6 9986 102.534
2 7 6461 873.583
2 8 1188 60.7234
3 1 1837 88.2962
3 2 5009 44.0769
3 3 0 0
3 4 8023 22.0315
3 5 3887 41.8453
3 6 5534 35.9611
3 7 7060 253.563
3 8 6699 34.0575
4 1 9586 943.134
4 2 2499 248.513
4 3 4580 963.094
4 4 0 0
4 5 9268 612.408
4 6 334 96.8373
4 7 797 73.2178
4 8 8127 156.875
5 1 6767 915.738
5 2 204 193.867
5 3 2547 100.705
5 4 6673 251.685
5 5 0 0
5 6 562 252.738
5 7 1891 713.931
5 8 5523 417.033
6 1 8018 106.779
6 2 6943 54.5356
6 3 5965 831.274
6 4 6550 35.6044
6 5 8417 92.1471
6 6 0 0
6 7 7462 676.661
6 8 3083 66.5754
7 1 5264 54.4089
7 2 4116 26.525
7 3 9881 246.471
7 4 4398 450.714
7 5 6324 128.748
7 6 6386 400.888
7 7 0 0
7 8 8472 67.5586
8 1 4467 942.454
8 2 1431 715.055
8 3 2416 23.3963
8 4 7008 162.313
8 5 4058 1008.62
8 6 1795 635.969
8 7 5838 646.779
8 8 0 0
227
177
358
407
416
482
356
388
