7
0.75
1 1 0 0
1 2 3478 812.91
1 3 2362 79.5675
1 4 4532 157.046
1 5 8416 200.827
1 6 7377 99.5955
1 7 1414 478.741
2 1 9894 978.355
2 2 0 0
2 3 328 808.544
2 4 2323 71.14
2 5 9800 608.923
2 6 9555 716.934
2 7 862 939.009
3 1 4223 86.9483
3 2 2568 100.839
3 3 0 0
3 4 5413 42.7702
3 5 1849 977.568
3 6 141 137.02
3 7 6490 906.847
4 1 3038 81.4181
4 2 1380 76.6682
4 3 4001 99.1941
4 4 0 0
4 5 9628 611.241
4 6 6571 100.298
4 7 5267 757.05
5 1 8320 80.5654
5 2 810 570.832
5 3 3437 60.5086
5 4 9163 416.819
5 5 0 0
5 6 2160 52.5643
5 7 7182 88.4533
6 1 5019 62.8927
6 2 9147 471.735
6 3 5578 75.2524
6 4 7900 34.834
6 5 1826 54.001
6 6 0 0
6 7 1084 22.349
7 1 9793 777.519
7 2 1495 350.455
7 3 6518 74.084
7 4 6243 38.0075
7 5 7765 95.7083
7 6 9695 88.7978
7 7 0 0
396
32
374
239
284
180
495
