7
0.75
1 1 0 0
1 2 5242 38.6459
1 3 393 12.8258
1 4 9244 93.7015
1 5 1244 94.5699
1 6 8626 491.517
1 7 3621 320.203
2 1 8844 102.659
2 2 0 0
2 3 8047 97.1891
2 4 8746 77.1454
2 5 5638 85.0577
2 6 2385 83.8044
2 7 1673 68.4398
3 1 1444 344.685
3 2 2238 145.73
3 3 0 0
3 4 5644 329.889
3 5 4518 90.3964
3 6 7303 606.365
3 7 1435 72.6609
4 1 2155 89.1821
4 2 5979 1009.37
4 3 5842 671.903
4 4 0 0
4 5 2071 446.098
4 6 6732 55.8269
4 7 4213 88.9728
5 1 2700 737.102
5 2 1275 77.9768
5 3 4753 188.946
5 4 6447 45.4564
5 5 0 0
5 6 3 109.676
5 7 5705 983.268
6 1 3591 644.97
6 2 1606 36.8327
6 3 3791 886.162
6 4 2095 39.5492
6 5 7762 47.2015
6 6 0 0
6 7 9417 68.7249
7 1 7035 261.396
7 2 9460 301.05
7 3 7444 67.8103
7 4 7028 794.007
7 5 3851 669.34
7 6 9354 287.906
7 7 0 0
358
175
393
159
271
287
143
