9
0.25
1 1 0 0
1 2 4424 510.795
1 3 6583 61.9034
1 4 8627 345.352
1 5 1629 875.102
1 6 8921 89.4934
1 7 5516 109.241
1 8 2144 332.611
1 9 2217 246.713
2 1 5174 58.7088
2 2 0 0
2 3 4226 552.382
2 4 186 27.9423
2 5 4311 201.677
2 6 4470 61.9768
2 7 2599 50.7538
2 8 4636 146.926
2 9 4938 276.466
3 1 2362 44.2416
3 2 4036 821.436
3 3 0 0
3 4 5861 59.6203
3 5 1199 87.0833
3 6 820 36.8821
3 7 5958 79.0889
3 8 4266 59.7542
3 9 5036 23.8009
4 1 4322 615.81
4 2 766 52.2126
4 3 4519 946.543
4 4 0 0
4 5 9172 987.15
4 6 1747 12.3431
4 7 4426 14.6453
4 8 3940 687.108
4 9 1067 51.619
5 1 8741 88.2733
5 2 9237 21.2088
5 3 538 279.358
5 4 4267 59.4757
5 5 0 0
5 6 9590 454.857
5 7 8649 788.112
5 8 15 38.5953
5 9 5213 55.547
6 1 2117 839.044
6 2 3619 596.098
6 3 7677 101.831
6 4 1465 44.5446
6 5 7583 285.046
6 6 0 0
6 7 667 854.035
6 8 8358 328.879
6 9 3019 51.9944
7 1 8686 834.818
7 2 1220 26.3551
7 3 1820 92.9029
7 4 1308 100.071
7 5 8345 647.567
7 6 7197 979.057
7 7 0 0
7 8 2902 32.2553
7 9 9781 13.8632
8 1 1304 83.5114
8 2 9288 362.847
8 3 1959 93.4215
8 4 4714 212.647
8 5 1979 514.596
8 6 4045 51.7172
8 7 1981 45.6563
8 8 0 0
8 9 7230 115.504
9 1 2679 87.6081
9 2 5218 73.7652
9 3 5465 83.9693
9 4 3012 537.06
9 5 9211 87.7867
9 6 7725 788.064
9 7 120 993.124
9 8 4865 32.2089
9 9 0 0
431
143
235
143
373
15
467
53
49
