6
0.75
1 1 0 0
1 2 7246 17.8685
1 3 2929 851.694
1 4 8193 413.077
1 5 6507 99.9899
1 6 8158 669.851
2 1 5418 186.485
2 2 0 0
2 3 9140 656.602
2 4 2019 79.2801
2 5 8852 412.864
2 6 6514 75.8921
3 1 4659 53.9847
3 2 6518 33.2614
3 3 0 0
3 4 9521 396.291
3 5 5462 53.6143
3 6 7050 495.385
4 1 3666 458.301
4 2 4461 90.0946
4 3 966 71.3568
4 4 0 0
4 5 3526 952.138
4 6 981 85.6266
5 1 1120 868.564
5 2 6436 978.124
5 3 7604 104.906
5 4 4093 107.14
5 5 0 0
5 6 1086 60.1524
6 1 6837 293.511
6 2 7944 75.9646
6 3 6096 68.1267
6 4 9506 29.609
6 5 6818 221.485
6 6 0 0
104
203
300
111
492
191
