8
0.25
1 1 0 0
1 2 2654 61.7126
1 3 270 72.5987
1 4 4821 544.758
1 5 1708 340.457
1 6 6694 580.666
1 7 4996 27.3683
1 8 1420 667.052
2 1 3980 29.2348
2 2 0 0
2 3 7759 47.0951
2 4 6493 21.2883
2 5 762 253.186
2 6 4992 175.512
2 7 1600 11.1602
2 8 6947 33.7197
3 1 5420 298.693
3 2 8983 44.8664
3 3 0 0
3 4 6407 84.0134
3 5 5517 598.068
3 6 4003 293.444
3 7 2150 214.404
3 8 8080 579.306
4 1 9381 89.3384
4 2 7591 936.345
4 3 6707 715.144
4 4 0 0
4 5 3700 37.2103
4 6 6203 74.0678
4 7 352 95.4252
4 8 2487 514.15
5 1 5748 13.813
5 2 6619 250.256
5 3 5987 87.0471
5 4 9208 155.901
5 5 0 0
5 6 6554 109.253
5 7 2846 94.5124
5 8 2495 13.4133
6 1 2195 140.225
6 2 592 40.7084
6 3 1808 231.76
6 4 6177 16.6603
6 5 1458 222.563
6 6 0 0
6 7 495 782.523
6 8 404 108.967
7 1 6175 12.9515
7 2 3058 913.66
7 3 702 859.303
7 4 881 165.136
7 5 6224 95.6027
7 6 9492 79.2108
7 7 0 0
7 8 6202 35.145
8 1 3060 91.7494
8 2 5866 69.4646
8 3 2699 162.21
8 4 5645 293.572
8 5 2295 101.507
8 6 9356 761.864
8 7 3233 76.0414
8 8 0 0
425
9
63
487
1
235
408
55
