10
0.25
1 1 0 0
1 2 9900 198.998
1 3 5139 31.7794
1 4 4041 83.8367
1 5 9535 718.316
1 6 7295 193.05
1 7 893 246.992
1 8 7195 982.483
1 9 8913 499.687
1 10 3426 16.0597
2 1 7708 104.849
2 2 0 0
2 3 4623 224.139
2 4 4393 106.815
2 5 5015 44.8182
2 6 9369 952.99
2 7 8165 94.599
2 8 8352 16.1326
2 9 4435 493.898
2 10 9067 103.906
3 1 9502 682.826
3 2 7440 182.097
3 3 0 0
3 4 4285 512.929
3 5 1210 76.2271
3 6 7205 671.321
3 7 1103 83.0206
3 8 9006 671.137
3 9 3654 106.204
3 10 1113 860.493
4 1 222 86.0721
4 2 1538 20.3228
4 3 3001 223.882
4 4 0 0
4 5 8754 45.9464
4 6 1401 82.8971
4 7 6082 64.0199
4 8 3189 541.513
4 9 5907 421.23
4 10 4235 372.401
5 1 9065 72.2017
5 2 3944 172.561
5 3 1435 483.722
5 4 4019 71.6094
5 5 0 0
5 6 6700 63.8173
5 7 6807 464.097
5 8 8731 43.2016
5 9 7489 530.112
5 10 8802 106.137
6 1 7187 511.796
6 2 4644 30.2699
6 3 4665 557.984
6 4 9964 57.6714
6 5 6395 671.713
6 6 0 0
6 7 7752 285.081
6 8 1966 91.9745
6 9 249 967.976
6 10 2510 361.095
7 1 6203 739.309
7 2 335 85.3755
7 3 1264 48.647
7 4 3752 487.947
7 5 4373 88.8906
7 6 1018 432.576
7 7 0 0
7 8 335 69.284
7 9 3784 75.916
7 10 2766 360.509
8 1 6067 30.7085
8 2 525 86.04
8 3 8398 431.686
8 4 275 65.3343
8 5 5219 787.388
8 6 7176 266.384
8 7 285 474.05
8 8 0 0
8 9 8564 26.4831
8 10 2362 55.1855
9 1 7542 32.4262
9 2 6483 76.5722
9 3 6676 306.344
9 4 6922 87.5036
9 5 7113 520.997
9 6 5541 89.9523
9 7 6872 501.066
9 8 7422 72.3397
9 9 0 0
9 10 3585 185.057
10 1 9467 20.4299
10 2 7033 679.811
10 3 6533 839.568
10 4 3181 944.667
10 5 6828 724.415
10 6 4161 102.257
10 7 2796 104.56
10 8 6487 271.45
10 9 9606 669.031
10 10 0 0
23
384
217
223
203
387
193
88
451
52
