24
0.75
1 1 0 0
1 2 3309 49.5385
1 3 533 775.347
1 4 2910 70.3082
1 5 5846 48.9362
1 6 531 62.3107
1 7 4295 985.874
1 8 8588 930.028
1 9 6254 75.6676
1 10 3229 75.1574
1 11 970 29.7359
1 12 930 485.886
1 13 2934 915.883
1 14 9875 385.299
1 15 3553 57.418
1 16 7232 943.951
1 17 9632 79.8038
1 18 17 14.0722
1 19 6437 901.763
1 20 4471 720.565
1 21 8003 313.454
1 22 1381 102.327
1 23 9831 76.9762
1 24 1362 713.122
2 1 5373 319.764
2 2 0 0
2 3 8804 180.365
2 4 6145 68.194
2 5 3093 860.044
2 6 1846 60.1866
2 7 8097 154.918
2 8 4201 54.9669
2 9 5122 420.432
2 10 4171 432.59
2 11 8233 261.491
2 12 219 60.0217
2 13 2326 568.131
2 14 5087 104.834
2 15 9149 74.6716
2 16 6748 67.329
2 17 3195 48.4737
2 18 5366 83.2629
2 19 6936 91.4327
2 20 2483 20.5717
2 21 3999 522.681
2 22 8654 51.0518
2 23 6354 37.3408
2 24 7035 13.5302
3 1 3977 49.4238
3 2 3549 400.938
3 3 0 0
3 4 2189 101.716
3 5 7072 78.3483
3 6 9848 1003.35
3 7 8252 949.082
3 8 8467 29.0453
3 9 1854 460.58
3 10 140 12.9227
3 11 5777 19.6761
3 12 1261 33.512
3 13 6039 304.349
3 14 1957 87.6314
3 15 9815 92.5934
3 16 7464 902.877
3 17 6377 48.7576
3 18 7078 83.2621
3 19 1448 27.9503
3 20 6059 32.844
3 21 9589 447.561
3 22 9830 765.208
3 23 9578 838.096
3 24 1935 32.9516
4 1 2800 354.203
4 2 1186 100.479
4 3 381 82.5599
4 4 0 0
4 5 9222 922.351
4 6 1706 987.726
4 7 6489 342.241
4 8 2627 34.9305
4 9 805 86.4219
4 10 8646 37.1222
4 11 8757 171.25
4 12 623 45.147
4 13 1316 62.5362
4 14 3389 77.6274
4 15 8741 753.287
4 16 2193 926.853
4 17 5598 657.554
4 18 9097 106.461
4 19 4819 974.796
4 20 7673 98.3219
4 21 6404 24.2325
4 22 263 23.415
4 23 1771 78.905
4 24 8392 81.1375
5 1 6502 54.9135
5 2 5883 24.8078
5 3 5281 597.895
5 4 3458 406.837
5 5 0 0
5 6 4 889.194
5 7 4749 89.0176
5 8 9975 967.877
5 9 7619 621.815
5 10 6831 106.192
5 11 2447 325.797
5 12 4847 109.623
5 13 5957 14.9839
5 14 4781 55.4352
5 15 510 552.009
5 16 5773 572.117
5 17 1375 37.8893
5 18 2313 106.356
5 19 7346 787.366
5 20 7097 81.7838
5 21 9235 47.2174
5 22 7148 45.481
5 23 8634 86.2979
5 24 3182 523.534
6 1 9094 35.4029
6 2 5467 959.077
6 3 3472 573.476
6 4 7134 990.444
6 5 6506 224.214
6 6 0 0
6 7 907 408.936
6 8 9405 70.3515
6 9 3095 63.9325
6 10 8479 75.5502
6 11 1442 106.685
6 12 7263 71.2758
6 13 5754 43.5604
6 14 6917 679.033
6 15 9151 95.1739
6 16 1486 94.1598
6 17 5189 260.426
6 18 9797 184.414
6 19 1403 939.359
6 20 1208 521.491
6 21 1520 980.648
6 22 3472 771.181
6 23 1224 52.51
6 24 9604 534.522
7 1 3635 43.8339
7 2 8336 93.0111
7 3 8348 87.7203
7 4 3473 35.14
7 5 2946 72.4875
7 6 3915 262.438
7 7 0 0
7 8 5014 99.7068
7 9 2129 17.2298
7 10 8002 42.1564
7 11 8100 735.721
7 12 2247 81.6469
7 13 1225 994.843
7 14 598 755.057
7 15 8568 406.049
7 16 3596 64.1332
7 17 8778 730.231
7 18 2593 68.8249
7 19 2835 122.24
7 20 3120 363.48
7 21 5553 74.7572
7 22 700 673.55
7 23 4064 35.3152
7 24 3483 267.977
8 1 498 938.449
8 2 4907 448.983
8 3 4465 81.8938
8 4 380 289.805
8 5 524 102.232
8 6 8370 927.399
8 7 1493 190.407
8 8 0 0
8 9 5849 50.5778
8 10 5075 941.852
8 11 209 598.738
8 12 3249 25.3642
8 13 370 887.961
8 14 8168 48.6573
8 15 6908 941.913
8 16 1606 51.1051
8 17 7093 99.6284
8 18 5021 51.9767
8 19 3488 717.222
8 20 1095 485.119
8 21 5418 718.299
8 22 703 25.1819
8 23 5519 211.729
8 24 6166 409.359
9 1 1423 474.942
9 2 3882 108.673
9 3 2732 86.9504
9 4 3797 99.0971
9 5 9925 680.738
9 6 4520 495.422
9 7 5295 796.302
9 8 8437 93.1355
9 9 0 0
9 10 795 64.903
9 11 926 388.311
9 12 5999 48.1348
9 13 43 818.308
9 14 6285 791.062
9 15 3097 883.795
9 16 8322 36.6916
9 17 1459 46.6201
9 18 3935 20.3504
9 19 2310 16.7562
9 20 6187 422.016
9 21 3231 11.4829
9 22 4314 272.573
9 23 9994 18.7162
9 24 4579 909.646
10 1 2460 69.6309
10 2 1362 606.918
10 3 8420 618.696
10 4 7435 116.759
10 5 7471 809.408
10 6 1937 848.462
10 7 0 52.5648
10 8 4179 106.033
10 9 2248 917.44
10 10 0 0
10 11 4442 263.713
10 12 9845 86.0949
10 13 2255 473.684
10 14 1597 18.7218
10 15 2390 442.118
10 16 2635 38.4687
10 17 4417 57.6279
10 18 1234 565.926
10 19 4014 100.194
10 20 5108 65.2449
10 21 8207 325.768
10 22 2301 107.296
10 23 6838 49.7807
10 24 141 95.7238
11 1 7317 727.451
11 2 8654 91.9486
11 3 2814 28.2931
11 4 5984 103.85
11 5 1395 867.401
11 6 9714 47.5682
11 7 7286 66.6163
11 8 8691 352.831
11 9 9093 106.388
11 10 3503 36.2341
11 11 0 0
11 12 6693 148.583
11 13 6098 417.688
11 14 1894 642.958
11 15 9665 75.2853
11 16 5765 99.3024
11 17 8021 41.3795
11 18 1384 832.608
11 19 6648 77.3175
11 20 7308 104.159
11 21 8322 19.154
11 22 1287 220.24
11 23 8595 82.9809
11 24 5584 103.493
12 1 319 311.894
12 2 3092 396.614
12 3 1564 101.033
12 4 3548 977.599
12 5 4547 43.208
12 6 2271 25.7431
12 7 854 94.1458
12 8 6788 34.1401
12 9 3743 17.4711
12 10 7669 52.3336
12 11 438 315.568
12 12 0 0
12 13 5329 75.991
12 14 90 44.3762
12 15 4435 49.4693
12 16 2002 388.866
12 17 7834 649.111
12 18 1024 23.9311
12 19 5077 100.57
12 20 6685 86.8596
12 21 8299 16.048
12 22 5461 58.9517
12 23 540 26.8247
12 24 9303 545.427
13 1 3417 45.9119
13 2 3324 41.0508
13 3 2967 72.7685
13 4 8710 567.492
13 5 8876 98.6219
13 6 4752 269.189
13 7 1285 416.211
13 8 411 272.22
13 9 2450 22.9109
13 10 493 403.493
13 11 8808 156.404
13 12 4592 365.441
13 13 0 0
13 14 5096 362.684
13 15 6240 305.563
13 16 1581 35.538
13 17 1555 794.009
13 18 6258 655.688
13 19 6063 43.9102
13 20 5056 35.4244
13 21 8566 106.66
13 22 5739 61.4737
13 23 4658 303.353
13 24 3677 78.1312
14 1 6982 327.725
14 2 1950 44.1902
14 3 3657 75.9545
14 4 2436 44.7511
14 5 5643 476.281
14 6 6035 60.5371
14 7 3207 58.1606
14 8 112 103.041
14 9 6518 220.911
14 10 2101 643.607
14 11 9829 36.127
14 12 4764 661.393
14 13 2135 700.194
14 14 0 0
14 15 9397 646.861
14 16 5133 907.606
14 17 8810 83.4649
14 18 6526 287.099
14 19 5126 928.45
14 20 3419 90.5105
14 21 8700 302.504
14 22 6067 83.3331
14 23 5408 433.15
14 24 1007 397.499
15 1 4420 420.385
15 2 1905 147.499
15 3 5879 70.275
15 4 5045 70.382
15 5 674 486.993
15 6 2153 46.732
15 7 6846 12.4717
15 8 2077 140.495
15 9 7533 12.3782
15 10 8812 108.227
15 11 5923 739.714
15 12 7654 602.222
15 13 3298 46.0745
15 14 1592 66.6642
15 15 0 0
15 16 2097 76.553
15 17 8573 36.3152
15 18 241 580.417
15 19 5555 32.0932
15 20 7992 57.5969
15 21 5022 108.692
15 22 8778 453.979
15 23 8659 58.4006
15 24 2502 10.4608
16 1 2766 750.432
16 2 2328 106.858
16 3 2668 617.499
16 4 7205 472.295
16 5 990 835.471
16 6 6444 440.359
16 7 2623 80.011
16 8 3237 32.2214
16 9 9058 817.079
16 10 8345 202.182
16 11 623 88.0281
16 12 3643 73.1758
16 13 8077 233.605
16 14 6080 933.143
16 15 850 85.509
16 16 0 0
16 17 4463 859.938
16 18 4452 220.068
16 19 2334 827.748
16 20 1328 50.2693
16 21 8143 65.7124
16 22 3375 41.7116
16 23 1319 259.311
16 24 4073 11.9239
17 1 6562 99.0052
17 2 9027 53.2166
17 3 3375 876.514
17 4 7598 679.064
17 5 3071 92.6738
17 6 8572 88.3515
17 7 9113 12.3399
17 8 7195 65.1
17 9 1938 116.748
17 10 5669 75.9225
17 11 3761 825.928
17 12 7067 13.9151
17 13 5633 25.4367
17 14 3201 69.1933
17 15 8744 61.9617
17 16 8205 65.6673
17 17 0 0
17 18 7937 923.145
17 19 5341 41.3561
17 20 8338 548.202
17 21 9625 31.8825
17 22 7281 67.9034
17 23 7386 64.1974
17 24 3494 96.2733
18 1 68 49.1251
18 2 7913 347.595
18 3 3010 529.514
18 4 5745 43.9701
18 5 1556 365.28
18 6 6522 893.367
18 7 1963 183.273
18 8 1952 254.239
18 9 5754 996.315
18 10 9692 93.1669
18 11 9846 74.6814
18 12 7462 20.0814
18 13 1964 12.0408
18 14 8275 28.9111
18 15 5510 73.0321
18 16 863 99.5038
18 17 6272 19.0012
18 18 0 0
18 19 111 884.465
18 20 9789 16.4328
18 21 5076 79.8749
18 22 1606 942.096
18 23 2580 45.6303
18 24 9446 12.3332
19 1 4058 499.854
19 2 705 76.9015
19 3 1079 97.4376
19 4 7168 654.141
19 5 1300 29.7132
19 6 4405 122.385
19 7 221 103.187
19 8 8596 61.8326
19 9 9597 272.999
19 10 3841 513.485
19 11 4340 769.298
19 12 485 380.139
19 13 2890 79.1287
19 14 5372 70.611
19 15 2599 297.881
19 16 171 990.838
19 17 194 681.297
19 18 8712 200.928
19 19 0 0
19 20 5573 196.544
19 21 4590 768.96
19 22 1375 102.858
19 23 6909 98.4526
19 24 348 35.7108
20 1 5261 951.367
20 2 1567 37.3153
20 3 5730 399.418
20 4 3891 102.003
20 5 7478 843.82
20 6 4449 64.6964
20 7 7384 597.74
20 8 2081 989.478
20 9 6248 222.032
20 10 3292 964.418
20 11 7942 91.0101
20 12 70 33.595
20 13 7327 71.637
20 14 7766 43.4655
20 15 4314 332.675
20 16 5565 19.8757
20 17 7470 102.59
20 18 221 317.591
20 19 8158 13.1238
20 20 0 0
20 21 8120 392.639
20 22 2995 147.424
20 23 4509 883.588
20 24 5259 97.9012
21 1 1770 144.533
21 2 7882 321.449
21 3 1365 610.688
21 4 1440 28.8794
21 5 2696 93.4726
21 6 9213 56.707
21 7 1548 107.035
21 8 49 611.678
21 9 2682 40.2416
21 10 4662 19.9882
21 11 8070 393.494
21 12 6797 255.255
21 13 4674 528.986
21 14 2502 761.649
21 15 368 63.0986
21 16 7650 93.6473
21 17 9652 890.144
21 18 3314 71.6415
21 19 2932 22.6297
21 20 4926 74.5739
21 21 0 0
21 22 6625 801.113
21 23 5794 907.073
21 24 6747 296.293
22 1 1403 15.7532
22 2 7230 23.669
22 3 803 93.1358
22 4 6631 154.659
22 5 6482 469.234
22 6 6057 922.505
22 7 9863 47.8061
22 8 5865 83.4915
22 9 9481 21.7598
22 10 4944 847.56
22 11 3621 505.489
22 12 3304 38.0178
22 13 3040 12.6354
22 14 2042 211.087
22 15 1859 87.4729
22 16 2540 358.957
22 17 3120 32.6189
22 18 4612 516.305
22 19 5086 582.802
22 20 4989 680.933
22 21 1698 41.9684
22 22 0 0
22 23 7715 37.0706
22 24 3409 15.4983
23 1 2782 60.899
23 2 5485 61.287
23 3 1185 693.038
23 4 6462 155.79
23 5 8946 556.866
23 6 5263 77.738
23 7 4855 53.4403
23 8 3524 114.229
23 9 6323 84.4392
23 10 6833 501.579
23 11 8561 27.715
23 12 5435 955.764
23 13 6641 266.654
23 14 4588 12.2325
23 15 9140 72.0839
23 16 6161 88.7111
23 17 1486 648.738
23 18 58 11.328
23 19 5499 50.6227
23 20 7465 19.7755
23 21 5348 21.4221
23 22 7542 666.709
23 23 0 0
23 24 9556 509.95
24 1 281 1002.9
24 2 2837 46.1751
24 3 8189 21.2805
24 4 5071 828.865
24 5 1176 25.0863
24 6 8202 438.483
24 7 217 102.243
24 8 629 697.693
24 9 8574 33.3256
24 10 5887 17.1991
24 11 107 98.6936
24 12 1342 833.88
24 13 7596 439.691
24 14 1428 391.747
24 15 4045 124.452
24 16 1676 83.2034
24 17 4291 107.889
24 18 5075 44.6586
24 19 2591 11.2286
24 20 8625 931.748
24 21 9819 43.1628
24 22 3465 274.25
24 23 6000 44.0455
24 24 0 0
141
473
358
374
19
438
405
47
73
289
338
425
287
413
407
451
4
314
324
481
461
313
300
67
