40
0.25
1 1 0 0
1 2 3641 524.284
1 3 4180 107.094
1 4 1401 19.5157
1 5 5179 75.3606
1 6 2324 59.6725
1 7 1546 56.2362
1 8 453 46.5668
1 9 2487 298.279
1 10 1162 29.3686
1 11 8054 22.581
1 12 5808 60.8413
1 13 8711 47.8498
1 14 9484 86.4676
1 15 744 76.7531
1 16 9603 702.673
1 17 9457 678.742
1 18 930 518.064
1 19 491 797.14
1 20 1950 967.48
1 21 5380 94.2505
1 22 7436 953.249
1 23 2296 970.082
1 24 6404 677.175
1 25 9401 502.308
1 26 3217 503.067
1 27 6787 51.6066
1 28 8240 105.047
1 29 5615 972.955
1 30 6784 123.365
1 31 1641 36.3371
1 32 1023 87.4228
1 33 4925 170.22
1 34 3878 49.229
1 35 2931 575.595
1 36 3616 84.5496
1 37 961 438.717
1 38 160 76.1496
1 39 8019 90.9499
1 40 3376 26.1007
2 1 3745 745.387
2 2 0 0
2 3 830 668.449
2 4 6790 53.8606
2 5 337 464.357
2 6 7307 480.377
2 7 8444 25.4198
2 8 3353 208.492
2 9 4194 282.001
2 10 1898 892.79
2 11 6956 91.7997
2 12 4966 45.1043
2 13 4013 386.616
2 14 1533 88.5782
2 15 9821 232.684
2 16 5282 364.497
2 17 3669 77.3531
2 18 8199 682.851
2 19 5660 49.4064
2 20 644 88.7642
2 21 2413 91.6539
2 22 455 604.122
2 23 60 393.759
2 24 1307 105.968
2 25 6417 492.106
2 26 1972 44.3326
2 27 904 20.8935
2 28 476 534.43
2 29 4355 11.8527
2 30 6349 262.722
2 31 829 13.6515
2 32 7523 63.0913
2 33 177 481.302
2 34 9620 526.132
2 35 8994 20.4009
2 36 8637 699.29
2 37 2208 752.352
2 38 1798 51.7394
2 39 3466 101.291
2 40 1404 60.089
3 1 3864 74.1358
3 2 7800 52.064
3 3 0 0
3 4 4532 615.508
3 5 8073 1005.35
3 6 9956 385.963
3 7 9058 107.002
3 8 7957 23.2011
3 9 9378 545.479
3 10 5169 95.3271
3 11 3693 57.9451
3 12 2892 211.661
3 13 4233 93.644
3 14 1821 107.791
3 15 8420 10.983
3 16 8986 901.881
3 17 6287 116.169
3 18 8649 1006.02
3 19 6976 680.366
3 20 1743 75.364
3 21 3659 974.368
3 22 9073 95.5273
3 23 1519 372.869
3 24 2167 28.069
3 25 1196 302.175
3 26 928 711.319
3 27 4007 359.508
3 28 5422 936.033
3 29 7381 27.3247
3 30 8035 518.542
3 31 4497 94.4826
3 32 876 692.988
3 33 1036 18.7164
3 34 9129 57.7995
3 35 9689 56.0988
3 36 788 41.4976
3 37 8735 575.487
3 38 2588 13.2972
3 39 6658 66.5962
3 40 322 709.936
4 1 7805 298.166
4 2 98 820.103
4 3 2795 56.7408
4 4 0 0
4 5 6483 106.521
4 6 6631 685.351
4 7 4364 31.3731
4 8 2315 613.54
4 9 9476 105.095
4 10 4496 35.1973
4 11 4352 27.6981
4 12 787 47.9613
4 13 3813 834.235
4 14 8854 376.122
4 15 7431 378.141
4 16 8062 94.8362
4 17 1943 108.96
4 18 6356 831.253
4 19 1659 46.4749
4 20 6923 75.5482
4 21 2233 876.699
4 22 5625 516.942
4 23 1596 431.037
4 24 7373 39.1972
4 25 344 216.911
4 26 3288 74.385
4 27 4948 16.3774
4 28 3410 59.8184
4 29 111 522.564
4 30 7641 149.887
4 31 2658 104.612
4 32 8187 73.1185
4 33 9330 493.262
4 34 5241 41.245
4 35 2363 596.157
4 36 7181 410.903
4 37 9029 442.039
4 38 9567 903.297
4 39 3815 48.8216
4 40 1249 96.7743
5 1 9068 68.3852
5 2 8922 723.524
5 3 7950 73.6371
5 4 2669 27.6629
5 5 0 0
5 6 1934 80.042
5 7 5879 585.885
5 8 6214 75.1387
5 9 1236 35.8859
5 10 3651 530.634
5 11 8768 510.381
5 12 9860 630.61
5 13 5514 84.8019
5 14 7707 399.551
5 15 4387 976.241
5 16 6575 780.061
5 17 7320 17.9239
5 18 6261 333.678
5 19 1995 88.1097
5 20 4284 97.8366
5 21 9591 22.8049
5 22 9207 77.0032
5 23 8492 55.0432
5 24 9283 110.433
5 25 3612 20.3299
5 26 3074 87.1479
5 27 3679 79.1131
5 28 8960 36.3157
5 29 651 101.96
5 30 5615 563.745
5 31 372 563.819
5 32 6170 797.562
5 33 8430 848.826
5 34 6074 431.135
5 35 7054 180.861
5 36 390 36.4633
5 37 4368 412.871
5 38 8516 171.46
5 39 1752 29.1789
5 40 5312 529.743
6 1 2848 675.956
6 2 3127 140.81
6 3 2362 544.915
6 4 6067 72.629
6 5 8303 804.485
6 6 0 0
6 7 3456 15.742
6 8 4454 40.1214
6 9 4969 97.5547
6 10 1262 875.698
6 11 1680 791.67
6 12 507 511.83
6 13 3686 164.228
6 14 425 418.895
6 15 9216 726.262
6 16 9342 27.6763
6 17 768 99.3697
6 18 2919 648.542
6 19 6770 112.432
6 20 339 558.522
6 21 4276 906.409
6 22 1493 79.9838
6 23 1418 522.628
6 24 7517 132.342
6 25 7276 46.7806
6 26 7713 77.0155
6 27 4939 30.025
6 28 6640 32.2724
6 29 9887 150.448
6 30 6846 21.4881
6 31 8325 347.814
6 32 3285 338.989
6 33 925 764.362
6 34 7076 754.743
6 35 7749 93.5047
6 36 5363 661.565
6 37 8221 108.878
6 38 6131 95.2436
6 39 9899 37.2653
6 40 8142 22.498
7 1 4826 285.113
7 2 7983 60.4723
7 3 5416 41.564
7 4 6220 96.2092
7 5 8115 562.974
7 6 3023 20.4547
7 7 0 0
7 8 286 703.575
7 9 4320 223.755
7 10 748 313.627
7 11 6341 16.5625
7 12 7789 14.827
7 13 5720 157.972
7 14 1628 74.5685
7 15 6931 320.687
7 16 8201 18.6708
7 17 10 536.325
7 18 2777 63.3803
7 19 5088 33.1357
7 20 2639 94.1708
7 21 8967 515.307
7 22 7269 43.7033
7 23 5871 77.47
7 24 4410 857.298
7 25 3811 70.9189
7 26 7502 715.114
7 27 9586 980.122
7 28 5425 65.7769
7 29 3241 105.086
7 30 1869 60.7806
7 31 8506 109.927
7 32 349 65.0228
7 33 2225 53.5798
7 34 8469 26.07
7 35 8147 14.0573
7 36 3829 103.751
7 37 6336 414.484
7 38 2339 556.043
7 39 2125 65.7621
7 40 2717 157.396
8 1 4865 134.571
8 2 4910 62.9139
8 3 3344 990.694
8 4 9536 15.5883
8 5 1466 353.051
8 6 2418 162.885
8 7 4241 504.054
8 8 0 0
8 9 3296 99.2885
8 10 8714 98.318
8 11 9229 79.6296
8 12 186 183.941
8 13 552 92.1422
8 14 7595 985.771
8 15 9890 41.169
8 16 1848 77.6476
8 17 3632 77.9317
8 18 9095 12.5329
8 19 7825 694.632
8 20 1597 81.3004
8 21 3654 16.1305
8 22 5864 247.339
8 23 3085 250.375
8 24 2019 72.0642
8 25 7595 91.3938
8 26 5577 108.096
8 27 6818 26.2288
8 28 5146 39.5425
8 29 6898 88.4857
8 30 765 27.6628
8 31 5225 536.5
8 32 9347 991.868
8 33 7997 677.304
8 34 2436 73.5722
8 35 9656 96.7816
8 36 1898 51.9469
8 37 628 73.3732
8 38 8265 673.49
8 39 2697 10.2798
8 40 9925 64.4539
9 1 8663 27.1894
9 2 8140 68.1159
9 3 8544 956.274
9 4 425 18.866
9 5 7732 108.409
9 6 354 104.425
9 7 140 655.621
9 8 722 777.517
9 9 0 0
9 10 1195 43.5266
9 11 5737 43.5019
9 12 2297 67.5228
9 13 1825 12.175
9 14 9241 620.406
9 15 1279 68.1571
9 16 2661 565.887
9 17 984 357.292
9 18 8176 103.675
9 19 4703 496.547
9 20 5712 39.2109
9 21 805 148.292
9 22 4394 30.1726
9 23 8058 18.9087
9 24 7496 64.1709
9 25 705 56.743
9 26 121 431.795
9 27 1753 282.619
9 28 3850 53.9371
9 29 7042 65.5784
9 30 2298 38.5348
9 31 9610 73.0859
9 32 7959 146.858
9 33 9657 985.239
9 34 9196 737.159
9 35 1472 43.8894
9 36 3263 909.104
9 37 2300 401.876
9 38 5289 86.1464
9 39 8723 75.3488
9 40 9676 93.5465
10 1 9342 74.2661
10 2 9812 20.8577
10 3 9735 90.8443
10 4 4585 774.007
10 5 6306 68.5677
10 6 2531 95.5021
10 7 5920 137.928
10 8 3809 85.1688
10 9 4375 76.3052
10 10 0 0
10 11 8673 44.8566
10 12 8768 20.0338
10 13 9112 15.6662
10 14 452 429.263
10 15 7198 29.705
10 16 3200 103.173
10 17 9162 100.737
10 18 1558 19.5862
10 19 8493 229.725
10 20 7465 911.698
10 21 8222 707.563
10 22 3060 902.67
10 23 1591 21.7878
10 24 4477 520.044
10 25 5024 14.4408
10 26 5132 54.8128
10 27 2627 70.0997
10 28 4418 87.9426
10 29 5511 1007.98
10 30 4842 487.236
10 31 3839 97.0673
10 32 8530 11.3758
10 33 1905 559.153
10 34 2834 595.434
10 35 4699 941.046
10 36 8437 359.994
10 37 6708 437.957
10 38 2041 29.9539
10 39 358 35.3914
10 40 1819 98.1525
11 1 4448 575.84
11 2 9622 75.5423
11 3 6110 35.0613
11 4 9376 418.073
11 5 7167 64.7066
11 6 5738 874.642
11 7 1937 39.2532
11 8 1278 931.473
11 9 1671 857.329
11 10 1609 299.825
11 11 0 0
11 12 4909 25.0658
11 13 3442 137.391
11 14 6620 122.696
11 15 2386 32.445
11 16 5217 982.696
11 17 3785 50.1843
11 18 5927 970.018
11 19 7917 80.7321
11 20 526 52.3179
11 21 5617 20.5573
11 22 1680 241.742
11 23 5258 682.357
11 24 8529 54.1176
11 25 6102 18.7352
11 26 4460 29.6319
11 27 4654 709.124
11 28 5120 104.576
11 29 2568 46.4183
11 30 9038 107.435
11 31 3944 13.017
11 32 2754 51.3172
11 33 6268 699.195
11 34 459 61.3662
11 35 4143 147.185
11 36 3992 106.784
11 37 6228 562.688
11 38 237 85.6375
11 39 4309 881.432
11 40 9722 829.332
12 1 7202 457.404
12 2 5654 14.5472
12 3 6341 86.4196
12 4 9056 83.0965
12 5 6772 68.4754
12 6 5523 981.178
12 7 3232 54.1769
12 8 7331 97.2091
12 9 6451 32.2163
12 10 2158 29.9307
12 11 4978 236.701
12 12 0 0
12 13 3231 50.9918
12 14 2245 990.7
12 15 3631 621.405
12 16 2270 753.209
12 17 7911 473.464
12 18 4072 978.489
12 19 9055 967.408
12 20 4331 47.598
12 21 6118 598.388
12 22 2508 66.898
12 23 1095 357.926
12 24 985 43.8397
12 25 4798 32.9591
12 26 2994 545.168
12 27 2419 402.315
12 28 715 778.869
12 29 6812 31.7519
12 30 949 59.4641
12 31 7435 481.666
12 32 8696 106.793
12 33 9230 53.0828
12 34 7396 100.584
12 35 9534 167.16
12 36 4700 101.575
12 37 2371 34.009
12 38 5366 111.354
12 39 5973 951.313
12 40 1523 642.056
13 1 8468 49.5749
13 2 8965 53.1698
13 3 698 106.66
13 4 3248 420.381
13 5 8862 84.3734
13 6 7523 67.8066
13 7 1501 666.587
13 8 1412 452.761
13 9 1327 915.077
13 10 303 10.9429
13 11 9022 116.34
13 12 3602 819.656
13 13 0 0
13 14 2905 689.87
13 15 8025 16.4908
13 16 6300 40.3168
13 17 8880 634.24
13 18 2408 66.3293
13 19 2007 522.642
13 20 2040 251.156
13 21 8376 976.354
13 22 5611 192.877
13 23 3886 372.391
13 24 5545 57.2824
13 25 6171 104.5
13 26 3159 694.77
13 27 8747 859.283
13 28 4933 45.4293
13 29 3143 53.9892
13 30 2392 217.433
13 31 8653 608.229
13 32 6155 254.337
13 33 7012 551.505
13 34 6543 931.432
13 35 5446 360.718
13 36 9672 33.9746
13 37 5381 342.249
13 38 9152 30.6293
13 39 6135 528.465
13 40 4093 721.524
14 1 7058 79.0549
14 2 5333 466.481
14 3 1588 125.66
14 4 8481 57.7743
14 5 9862 32.2598
14 6 2812 425.135
14 7 7278 368.521
14 8 8493 686.995
14 9 5217 943.852
14 10 3107 74.1734
14 11 554 14.1796
14 12 2286 110.393
14 13 3916 10.04
14 14 0 0
14 15 9329 114.21
14 16 6775 98.4644
14 17 6073 38.6706
14 18 6734 1005.17
14 19 7505 95.9308
14 20 6024 243.423
14 21 9082 65.7403
14 22 5422 13.8683
14 23 3698 37.5491
14 24 2769 522.166
14 25 9647 300.211
14 26 7229 541.059
14 27 4607 68.5427
14 28 511 79.3064
14 29 7618 28.6216
14 30 7785 281.179
14 31 3498 476.416
14 32 6146 493.453
14 33 1844 22.8369
14 34 9573 61.1049
14 35 7272 103.75
14 36 3423 33.8681
14 37 4240 178.441
14 38 2536 308.165
14 39 8293 108.637
14 40 3651 920.063
15 1 180 13.0855
15 2 7339 100.717
15 3 5682 76.4126
15 4 7495 47.4334
15 5 3047 13.8198
15 6 1667 769.928
15 7 129 52.4168
15 8 858 41.7624
15 9 589 53.5464
15 10 6827 73.6994
15 11 5597 165.639
15 12 2332 558.8
15 13 6102 95.5161
15 14 3310 360.214
15 15 0 0
15 16 4021 556.124
15 17 6937 743.101
15 18 2937 54.2206
15 19 2979 35.8864
15 20 3927 97.614
15 21 7047 58.0251
15 22 9181 352.374
15 23 1123 102.893
15 24 8074 82.3362
15 25 5528 83.8516
15 26 9410 58.5438
15 27 3343 15.7879
15 28 3454 79.4518
15 29 1281 66.3798
15 30 8415 973.882
15 31 6797 98.1145
15 32 6431 32.565
15 33 3849 10.0483
15 34 3685 122.818
15 35 677 32.6782
15 36 5970 81.6709
15 37 2610 630.796
15 38 8616 79.8973
15 39 470 385.407
15 40 9030 106.772
16 1 1238 101.138
16 2 3920 853.385
16 3 9027 101.936
16 4 1593 698.121
16 5 1370 10.4818
16 6 8020 31.9667
16 7 1916 97.8793
16 8 3644 725.297
16 9 8844 181.385
16 10 6847 60.592
16 11 1581 605.044
16 12 93 929.006
16 13 4269 92.0181
16 14 5231 32.7496
16 15 1054 874.312
16 16 0 0
16 17 7266 479.144
16 18 9630 62.7432
16 19 7841 19.7054
16 20 9000 882.528
16 21 742 51.7653
16 22 4184 706.31
16 23 9773 68.9644
16 24 2996 333.305
16 25 4998 907.775
16 26 2168 435.873
16 27 5184 23.438
16 28 15 84.0005
16 29 5623 873.544
16 30 6978 213.969
16 31 4549 23.6689
16 32 7367 72.9426
16 33 3022 69.3564
16 34 5434 882.487
16 35 9983 395.56
16 36 8262 830.903
16 37 7994 28.3334
16 38 7198 702.521
16 39 4144 237.256
16 40 2476 512.838
17 1 7389 79.065
17 2 5731 306.614
17 3 5435 925.773
17 4 6596 56.7132
17 5 6185 87.0874
17 6 9435 15.4493
17 7 7398 28.2302
17 8 3694 633.445
17 9 4305 915.354
17 10 7072 22.5082
17 11 996 165.158
17 12 9522 51.3235
17 13 4131 69.5623
17 14 4 301.966
17 15 7435 92.557
17 16 4125 104.21
17 17 0 0
17 18 5891 62.3758
17 19 621 258.594
17 20 8330 18.7232
17 21 8289 677.688
17 22 181 52.946
17 23 8555 53.0726
17 24 777 40.0914
17 25 6221 643.587
17 26 6675 40.1232
17 27 5769 78.9409
17 28 4470 629.021
17 29 8068 37.3401
17 30 6465 44.507
17 31 3807 71.2845
17 32 2568 102.488
17 33 6491 636.511
17 34 4953 472.788
17 35 3391 44.9485
17 36 1105 763.733
17 37 7927 54.6407
17 38 5998 491.999
17 39 6363 14.2813
17 40 9069 85.2293
18 1 4773 61.5793
18 2 6901 55.8395
18 3 2799 83.5257
18 4 5639 85.9613
18 5 5902 137.087
18 6 9946 139.644
18 7 5206 69.2855
18 8 5806 620.93
18 9 6693 80.7627
18 10 2137 23.1542
18 11 468 99.1396
18 12 6326 75.4879
18 13 6246 861.45
18 14 8783 921.835
18 15 7417 146.947
18 16 4722 26.0375
18 17 1021 293.349
18 18 0 0
18 19 4787 205.28
18 20 4138 525.187
18 21 3494 526.474
18 22 5672 554.209
18 23 4480 75.9677
18 24 5190 797.76
18 25 4293 65.4969
18 26 391 52.4092
18 27 9578 754.613
18 28 257 280.266
18 29 9410 54.7457
18 30 331 85.8186
18 31 9384 255.264
18 32 8342 670.986
18 33 5625 531.144
18 34 7192 294.132
18 35 3137 695.208
18 36 5451 493.985
18 37 38 90.755
18 38 6843 795.546
18 39 7424 11.0828
18 40 7588 19.4326
19 1 4028 753.667
19 2 5234 19.0393
19 3 5321 35.8994
19 4 6968 215.066
19 5 6421 489.342
19 6 2464 770.562
19 7 5218 28.5674
19 8 9404 101.505
19 9 9691 33.2044
19 10 9923 43.1932
19 11 1534 82.9902
19 12 4369 104.243
19 13 453 523.718
19 14 4266 113.448
19 15 3704 509.38
19 16 6707 266.481
19 17 6370 808.844
19 18 2273 97.1081
19 19 0 0
19 20 4671 84.346
19 21 5680 96.3438
19 22 2926 108.92
19 23 4850 376.01
19 24 7090 75.4856
19 25 4327 47.6879
19 26 1050 826.214
19 27 3100 75.8068
19 28 5927 48.6425
19 29 9571 818.837
19 30 7225 81.0848
19 31 2667 113.287
19 32 781 90.4786
19 33 8300 396.09
19 34 6809 120.513
19 35 8925 37.9648
19 36 673 108.56
19 37 8474 56.5922
19 38 8441 98.4306
19 39 4847 807.374
19 40 4392 80.0849
20 1 9473 836.774
20 2 12 60.7082
20 3 7543 481.676
20 4 6436 76.2982
20 5 3496 604.718
20 6 2988 47.0333
20 7 4970 499.207
20 8 2499 217.819
20 9 1947 335.014
20 10 1939 81.1874
20 11 3497 21.1858
20 12 5951 48.8405
20 13 1281 63.0715
20 14 7987 914.797
20 15 5861 26.5509
20 16 6528 78.9728
20 17 94 39.367
20 18 9659 73.5401
20 19 1151 20.1348
20 20 0 0
20 21 3196 510.346
20 22 6668 553.244
20 23 586 343.33
20 24 5733 961.081
20 25 3111 792.588
20 26 9531 948.364
20 27 3917 708.056
20 28 9647 26.0225
20 29 8843 47.1463
20 30 6299 226.075
20 31 3214 59.1436
20 32 7627 99.8395
20 33 5365 273.725
20 34 2790 104.509
20 35 1095 872.423
20 36 9420 33.0449
20 37 8557 803.305
20 38 4199 931.325
20 39 1315 113.714
20 40 8757 558.293
21 1 4824 68.0076
21 2 8752 101.094
21 3 6742 662.733
21 4 1097 203.87
21 5 6747 75.0622
21 6 734 181.107
21 7 6216 687.513
21 8 2425 284.008
21 9 9457 264.263
21 10 6970 263.679
21 11 8819 47.3603
21 12 1849 124.381
21 13 9080 29.2571
21 14 1097 52.1561
21 15 9987 37.2374
21 16 1564 45.4284
21 17 2655 70.5656
21 18 9882 734.545
21 19 9244 881.177
21 20 6879 51.7014
21 21 0 0
21 22 1792 67.8132
21 23 845 94.5968
21 24 8016 21.8914
21 25 5024 76.0698
21 26 4658 575.827
21 27 718 79.6725
21 28 9920 293.841
21 29 3527 22.0481
21 30 5736 137.969
21 31 568 420.018
21 32 6778 61.4923
21 33 9192 12.276
21 34 9266 854.465
21 35 7391 642.771
21 36 7367 68.1549
21 37 5943 765.86
21 38 3851 336.812
21 39 3661 107.192
21 40 7797 975.185
22 1 5716 66.0878
22 2 4389 22.675
22 3 2635 704.179
22 4 5008 729.772
22 5 7883 20.8709
22 6 5062 38.2553
22 7 2884 523.678
22 8 2913 25.6367
22 9 1452 91.6276
22 10 7441 31.7949
22 11 3770 242.565
22 12 3672 37.7135
22 13 2587 939.793
22 14 7712 46.5064
22 15 3416 81.6189
22 16 4722 639.54
22 17 8992 44.2385
22 18 6945 561.449
22 19 8501 550.575
22 20 3539 53.0243
22 21 4148 44.8422
22 22 0 0
22 23 7247 715.129
22 24 3263 25.2889
22 25 444 40.166
22 26 5354 418.708
22 27 1734 979.203
22 28 6953 66.4695
22 29 3306 961.044
22 30 4643 55.5061
22 31 979 14.8664
22 32 109 79.7039
22 33 4103 971.063
22 34 4646 95.3411
22 35 3430 78.2629
22 36 9110 42.539
22 37 9569 743.501
22 38 2574 67.5149
22 39 1009 374.014
22 40 4138 35.646
23 1 3414 16.8765
23 2 8982 11.8877
23 3 4612 349.361
23 4 330 317.352
23 5 8722 862.643
23 6 7501 11.174
23 7 6435 510.834
23 8 246 959.462
23 9 7926 80.0011
23 10 2774 40.3929
23 11 3290 311.791
23 12 5718 133.841
23 13 7854 128.501
23 14 9649 109.09
23 15 8014 85.6324
23 16 9745 726.437
23 17 197 289.946
23 18 3808 426.055
23 19 4828 699.457
23 20 1970 15.1198
23 21 7174 105.634
23 22 4123 463.542
23 23 0 0
23 24 5630 249.847
23 25 9448 286.317
23 26 6574 426.364
23 27 6790 82.825
23 28 9207 63.7364
23 29 9746 67.7208
23 30 4630 432.93
23 31 7571 448.545
23 32 9059 98.0512
23 33 6157 91.7597
23 34 6903 278.676
23 35 5908 67.3111
23 36 9856 13.8254
23 37 3819 526.748
23 38 1652 30.3319
23 39 3436 14.9841
23 40 8475 564.736
24 1 5638 33.5029
24 2 6755 404.648
24 3 5117 345.384
24 4 2794 28.108
24 5 1287 15.0235
24 6 2949 943.748
24 7 9443 68.7943
24 8 6866 82.9258
24 9 1768 647.639
24 10 1604 82.9141
24 11 7556 79.3221
24 12 7944 68.1077
24 13 9944 359.048
24 14 4029 460.675
24 15 5831 135.805
24 16 4798 75.0756
24 17 207 54.1891
24 18 2497 32.746
24 19 7227 64.4828
24 20 4145 107.12
24 21 4231 939.513
24 22 5058 95.8306
24 23 5684 648.093
24 24 0 0
24 25 4971 96.471
24 26 9822 482.116
24 27 2497 46.8139
24 28 2853 91.2794
24 29 3765 332.829
24 30 4181 101.858
24 31 242 74.9876
24 32 4070 81.4647
24 33 4007 428.371
24 34 3162 95.2423
24 35 6651 417.464
24 36 3620 66.6114
24 37 5357 621.429
24 38 4811 487.155
24 39 4130 85.1236
24 40 179 26.2929
25 1 4728 44.9873
25 2 2084 51.21
25 3 3451 103.016
25 4 5831 607.798
25 5 2814 403.174
25 6 4783 776.962
25 7 7569 94.4967
25 8 8674 287.946
25 9 8305 60.7789
25 10 8959 86.1956
25 11 4216 68.5276
25 12 8220 104.895
25 13 7907 792.489
25 14 1983 954.202
25 15 2484 82.1807
25 16 733 35.2897
25 17 200 968.466
25 18 9734 567.026
25 19 2190 871.372
25 20 7684 29.4333
25 21 398 57.4487
25 22 6926 361.708
25 23 4986 99.7462
25 24 7641 63.0119
25 25 0 0
25 26 1702 344.923
25 27 172 729.336
25 28 3022 34.9473
25 29 5611 63.6763
25 30 9102 15.836
25 31 1273 575.501
25 32 2304 32.1115
25 33 5978 385.076
25 34 1675 78.5919
25 35 5552 33.1824
25 36 7086 472.569
25 37 1797 164.002
25 38 4468 83.0833
25 39 6317 74.7815
25 40 8721 50.7042
26 1 3635 70.7654
26 2 2722 438.574
26 3 3846 465.078
26 4 7931 73.6114
26 5 6532 85.4171
26 6 4336 85.3451
26 7 179 716.134
26 8 8442 96.5117
26 9 5677 28.8867
26 10 7971 244.408
26 11 7513 96.3113
26 12 1987 36.9315
26 13 4496 937.501
26 14 5614 199.379
26 15 6678 962.41
26 16 1682 756.713
26 17 5976 917.213
26 18 6085 25.3244
26 19 1383 744.281
26 20 3834 28.7084
26 21 2539 580.015
26 22 1477 54.8574
26 23 248 53.8777
26 24 7533 83.1001
26 25 5008 67.8535
26 26 0 0
26 27 1873 91.8305
26 28 7918 922.879
26 29 1294 26.2587
26 30 6468 211.527
26 31 9757 543.466
26 32 9884 429.118
26 33 6835 56.6137
26 34 9685 113.096
26 35 5928 795.075
26 36 9849 24.8186
26 37 683 104.66
26 38 6415 103.377
26 39 3576 825.825
26 40 610 55.7886
27 1 9545 58.8195
27 2 8352 92.3033
27 3 897 74.3638
27 4 9167 87.9951
27 5 4011 169.472
27 6 7394 107.158
27 7 5994 26.8686
27 8 4198 59.7502
27 9 5278 875.241
27 10 1672 435.148
27 11 1114 921.503
27 12 1088 521.39
27 13 484 89.4825
27 14 7132 31.038
27 15 1280 811.935
27 16 6813 40.049
27 17 2387 294.579
27 18 8931 67.2509
27 19 4363 17.7158
27 20 6330 91.4784
27 21 1300 996.917
27 22 5381 137.021
27 23 4811 75.4215
27 24 6423 13.4635
27 25 2608 47.1379
27 26 6589 459.52
27 27 0 0
27 28 7271 427.244
27 29 2634 32.1152
27 30 1797 805.012
27 31 8335 105.465
27 32 9212 167.947
27 33 7619 463.729
27 34 4614 76.5025
27 35 1094 53.5473
27 36 9875 555.026
27 37 4023 25.3155
27 38 4580 241.441
27 39 3894 104.857
27 40 2514 90.2044
28 1 5719 75.7104
28 2 1533 948.899
28 3 4718 568.93
28 4 9067 12.8589
28 5 5064 24.27
28 6 3488 121.643
28 7 8323 83.7354
28 8 31 330.322
28 9 3703 155.127
28 10 8269 794.276
28 11 4445 324.928
28 12 8561 561.866
28 13 1918 492.008
28 14 9897 242.374
28 15 3661 467.179
28 16 9634 201.058
28 17 6775 815.391
28 18 1673 84.9696
28 19 7953 451.218
28 20 1896 20.1111
28 21 8003 62.4385
28 22 963 675.689
28 23 9986 692.971
28 24 2693 12.9958
28 25 50 381.676
28 26 9504 24.3598
28 27 4577 99.075
28 28 0 0
28 29 1996 86.6287
28 30 2695 11.6503
28 31 566 555.409
28 32 8125 29.9606
28 33 3793 631.346
28 34 9105 84.9529
28 35 2426 24.3084
28 36 8232 93.06
28 37 2531 105.478
28 38 7867 637.26
28 39 2563 68.5401
28 40 6652 159.523
29 1 6539 474.753
29 2 4143 41.5366
29 3 2963 11.629
29 4 8858 21.9392
29 5 98 20.6679
29 6 229 220.525
29 7 1967 898.11
29 8 2244 340.492
29 9 537 353.061
29 10 4873 77.5514
29 11 3205 779.068
29 12 7428 82.4836
29 13 8250 16.72
29 14 282 471.852
29 15 9862 69.1763
29 16 6037 496.89
29 17 2504 528.909
29 18 5119 93.142
29 19 8460 41.5173
29 20 7227 746.454
29 21 467 106.915
29 22 2395 104.196
29 23 7487 57.1205
29 24 5889 315.987
29 25 6706 205.837
29 26 8716 293.841
29 27 6503 410.597
29 28 2598 510.885
29 29 0 0
29 30 8516 221.963
29 31 9524 21.9232
29 32 2275 47.2217
29 33 3308 53.5669
29 34 6766 72.4955
29 35 8317 105.636
29 36 4114 64.9289
29 37 3313 61.0409
29 38 9791 60.2481
29 39 5514 15.6918
29 40 9080 96.0909
30 1 7377 815.284
30 2 8927 575.556
30 3 9639 920.794
30 4 589 575.834
30 5 2731 607.875
30 6 6347 56.8771
30 7 7651 87.0283
30 8 9033 108.93
30 9 6645 654.737
30 10 1957 578.008
30 11 7079 17.4288
30 12 8294 910.031
30 13 9718 24.2151
30 14 97 752.612
30 15 566 27.2619
30 16 9719 748.158
30 17 1558 645.067
30 18 206 157.187
30 19 9462 685.115
30 20 8277 729.736
30 21 7871 59.3012
30 22 1415 21.4175
30 23 7538 965.443
30 24 2252 462.485
30 25 5972 33.0256
30 26 3366 34.512
30 27 8549 56.3657
30 28 1186 24.4401
30 29 1069 68.9476
30 30 0 0
30 31 3712 53.8506
30 32 899 562.401
30 33 6359 83.6445
30 34 2667 65.6194
30 35 5814 102.244
30 36 2741 411.024
30 37 6179 68.9814
30 38 8827 105.758
30 39 4689 284.615
30 40 6445 63.0212
31 1 9798 46.9112
31 2 4000 45.9323
31 3 8835 585.132
31 4 6245 101.657
31 5 5005 62.5788
31 6 8860 24.5398
31 7 4727 104.802
31 8 8679 681.81
31 9 2274 961.838
31 10 9365 103.529
31 11 8471 307.28
31 12 1517 85.7547
31 13 6375 819.099
31 14 812 576.114
31 15 8719 994.033
31 16 5995 525.343
31 17 1318 400.299
31 18 8052 95.4023
31 19 8396 105.288
31 20 6239 841.27
31 21 6299 88.6702
31 22 4992 23.3586
31 23 3219 558.419
31 24 3690 69.6131
31 25 2721 32.3362
31 26 8830 106.211
31 27 1112 686.876
31 28 9393 967.478
31 29 5205 86.1497
31 30 6885 373.549
31 31 0 0
31 32 9934 39.3846
31 33 7799 102.15
31 34 832 615.831
31 35 7867 931.975
31 36 5150 88.65
31 37 4038 735.193
31 38 9744 893.454
31 39 6995 30.93
31 40 4471 384.542
32 1 7149 341.018
32 2 4394 11.4018
32 3 4678 82.0821
32 4 9518 30.8974
32 5 5290 297.576
32 6 5509 62.2742
32 7 6192 99.8505
32 8 2389 103.021
32 9 9066 18.148
32 10 6981 996.351
32 11 8176 91.7695
32 12 5244 43.3449
32 13 7186 622.285
32 14 8996 88.7787
32 15 3893 50.8377
32 16 1918 63.3665
32 17 2144 48.7016
32 18 9755 940.537
32 19 9509 94.1105
32 20 3505 86.1969
32 21 594 49.7311
32 22 367 177.997
32 23 6405 78.21
32 24 5564 96.1118
32 25 5972 41.0884
32 26 8200 105.337
32 27 1046 585.081
32 28 4900 100.121
32 29 9508 825.202
32 30 1864 536.367
32 31 2791 419.242
32 32 0 0
32 33 5791 89.4847
32 34 1610 707.199
32 35 2223 93.7119
32 36 6203 433.58
32 37 2490 754.159
32 38 2944 42.1598
32 39 3757 15.4402
32 40 3671 97.2779
33 1 1752 88.4875
33 2 7685 787.042
33 3 3295 676.975
33 4 6529 88.8122
33 5 8222 762.768
33 6 3722 44.8701
33 7 6923 994.297
33 8 6095 29.3222
33 9 9733 46.2492
33 10 1242 432.643
33 11 9186 224.78
33 12 718 91.5101
33 13 2786 72.0915
33 14 8459 810.221
33 15 1440 45.1183
33 16 6347 196.725
33 17 2802 66.5926
33 18 5355 22.6091
33 19 5054 452.303
33 20 9502 425.769
33 21 1855 96.169
33 22 6682 316.434
33 23 3126 25.9243
33 24 6979 224.963
33 25 6202 180.794
33 26 9372 96.3855
33 27 2691 727.725
33 28 1353 57.6565
33 29 5599 471.972
33 30 1890 82.8348
33 31 7546 158.473
33 32 7022 517.222
33 33 0 0
33 34 1653 68.1636
33 35 7438 48.6906
33 36 4553 76.6507
33 37 3924 227.855
33 38 2923 51.4338
33 39 8472 131.542
33 40 9370 661.402
34 1 9000 1003.51
34 2 1306 580.496
34 3 9124 607.154
34 4 5875 898.579
34 5 7993 75.6879
34 6 6643 938.7
34 7 3263 522.734
34 8 6906 10.4516
34 9 7670 106.997
34 10 9965 63.519
34 11 5199 152.477
34 12 2872 217.6
34 13 8489 69.225
34 14 1436 612.861
34 15 4840 408.675
34 16 5679 204.656
34 17 156 171.599
34 18 347 26.3357
34 19 2591 927.658
34 20 945 100.106
34 21 4658 67.5549
34 22 8323 76.9461
34 23 3134 43.1272
34 24 6115 78.2047
34 25 1622 471.896
34 26 4389 561.035
34 27 8026 10.2131
34 28 105 43.0367
34 29 3549 695.187
34 30 5886 18.0124
34 31 6487 96.925
34 32 7999 14.607
34 33 4433 28.1081
34 34 0 0
34 35 4913 881.436
34 36 8962 15.7147
34 37 925 659.605
34 38 150 83.1808
34 39 3548 775.056
34 40 730 85.3866
35 1 9365 678.209
35 2 5771 14.3274
35 3 5147 12.1539
35 4 6717 820.604
35 5 5324 10.2719
35 6 6051 30.0746
35 7 6442 813.359
35 8 5825 10.5214
35 9 7060 977.909
35 10 7789 95.4804
35 11 3307 593.554
35 12 4561 65.225
35 13 2559 94.5366
35 14 1978 72.3438
35 15 3247 730.712
35 16 5185 30.5394
35 17 9415 63.9379
35 18 6678 283.701
35 19 5001 420.493
35 20 8136 108.279
35 21 2338 685.779
35 22 9845 66.9585
35 23 7144 543.459
35 24 2234 623.469
35 25 8604 1000.7
35 26 4815 63.6582
35 27 3477 266.834
35 28 4572 90.106
35 29 1897 911.068
35 30 9002 331.913
35 31 5673 827.461
35 32 4922 65.9217
35 33 8872 90.5678
35 34 9023 922.938
35 35 0 0
35 36 2092 46.3637
35 37 6107 445.384
35 38 4415 338.924
35 39 6163 857.617
35 40 7175 1006.68
36 1 865 754.011
36 2 5020 954.425
36 3 2949 191.472
36 4 1917 61.0378
36 5 834 786.507
36 6 5328 70.3299
36 7 4996 721.466
36 8 5025 40.6401
36 9 7534 102.748
36 10 9202 94.8417
36 11 8677 489.691
36 12 6800 90.4096
36 13 5909 59.7411
36 14 5851 22.9222
36 15 3769 242.985
36 16 1898 432.172
36 17 7898 697.48
36 18 7530 66.5492
36 19 3326 41.304
36 20 9858 741.185
36 21 9025 82.0994
36 22 9828 614.38
36 23 4292 208.804
36 24 3692 570.187
36 25 548 779.099
36 26 236 748.476
36 27 1199 841.957
36 28 3194 494.924
36 29 6988 12.6304
36 30 1448 40.3712
36 31 7398 41.3826
36 32 8406 810.656
36 33 3141 80.8628
36 34 7256 31.9213
36 35 9021 852.789
36 36 0 0
36 37 6566 45.5865
36 38 7923 46.1737
36 39 1737 581.873
36 40 5736 302.673
37 1 3808 461.623
37 2 8803 99.7138
37 3 2101 118.911
37 4 502 99.1037
37 5 2621 84.0928
37 6 7955 797.806
37 7 6627 274.655
37 8 6885 603.649
37 9 6629 56.2266
37 10 3389 445.999
37 11 6842 92.7888
37 12 6847 46.9116
37 13 8781 790.678
37 14 6120 76.6952
37 15 2212 236.744
37 16 8047 30.2388
37 17 6876 91.6537
37 18 5287 364.113
37 19 8129 56.4925
37 20 8595 73.3897
37 21 6378 897.331
37 22 2926 62.8941
37 23 9286 882.552
37 24 216 81.882
37 25 5208 87.6372
37 26 7871 274.421
37 27 7226 12.5757
37 28 9841 51.6245
37 29 9990 807.621
37 30 9410 84.1757
37 31 191 64.1329
37 32 2492 74.7957
37 33 1468 105.878
37 34 9221 592.712
37 35 6253 51.0785
37 36 1537 28.3931
37 37 0 0
37 38 9381 78.9955
37 39 9115 203.511
37 40 4921 38.825
38 1 6132 446.437
38 2 6138 84.0721
38 3 5429 39.0421
38 4 9907 680.463
38 5 9297 87.9013
38 6 5128 12.1644
38 7 3260 72.51
38 8 5388 70.962
38 9 7444 801.739
38 10 8364 62.5573
38 11 2628 286.044
38 12 5183 77.7051
38 13 2408 71.5925
38 14 3581 631.606
38 15 7989 66.6647
38 16 5847 26.9867
38 17 5067 217.638
38 18 3521 104.438
38 19 4787 415.856
38 20 2354 10.8304
38 21 5268 559.348
38 22 3884 87.0744
38 23 7448 223.822
38 24 8452 62.6539
38 25 8366 677.675
38 26 2762 229.943
38 27 7894 604.127
38 28 1651 984.16
38 29 9767 14.9995
38 30 5005 25.1441
38 31 4989 25.7858
38 32 5852 924.573
38 33 3732 45.9362
38 34 3115 62.1267
38 35 1204 17.0752
38 36 3647 88.6828
38 37 8278 79.1141
38 38 0 0
38 39 2005 50.8791
38 40 217 559.398
39 1 9413 100.47
39 2 5255 10.027
39 3 3073 21.2152
39 4 1700 101.74
39 5 6248 41.9342
39 6 3947 87.3646
39 7 9137 72.0337
39 8 7665 93.0717
39 9 952 101.614
39 10 2518 92.0998
39 11 7151 105.114
39 12 3557 41.4862
39 13 7006 471.523
39 14 1380 171.865
39 15 3185 639.708
39 16 1816 49.1592
39 17 4695 125.192
39 18 4585 30.4509
39 19 9380 80.1495
39 20 3434 23.2484
39 21 164 373.414
39 22 927 50.9427
39 23 7063 52.8383
39 24 1720 43.4854
39 25 1336 498.202
39 26 9025 419.696
39 27 2343 27.0085
39 28 8587 566.2
39 29 6034 269.181
39 30 9394 78.7819
39 31 8884 401.512
39 32 7565 37.4961
39 33 3397 348.433
39 34 3101 704.083
39 35 4730 269.308
39 36 883 16.6042
39 37 1861 29.1651
39 38 447 266.47
39 39 0 0
39 40 3364 101.218
40 1 5212 622.036
40 2 1212 649.924
40 3 5811 136.018
40 4 5272 395.178
40 5 6599 97.893
40 6 1174 779.137
40 7 2182 695.507
40 8 4142 29.6339
40 9 1750 896.709
40 10 5943 40.7185
40 11 6102 108.255
40 12 5661 55.3026
40 13 7489 868.843
40 14 2512 93.2604
40 15 4145 404.968
40 16 7758 98.0788
40 17 1037 788.267
40 18 5713 59.7101
40 19 1424 217.375
40 20 9461 475.289
40 21 2211 63.0024
40 22 6364 18.9397
40 23 3507 544.922
40 24 7558 24.1559
40 25 5562 34.7741
40 26 622 557.551
40 27 6522 40.0298
40 28 7795 582.023
40 29 2654 65.4378
40 30 7897 513.834
40 31 3242 61.1606
40 32 7549 28.9733
40 33 8381 27.8138
40 34 4254 612.839
40 35 4088 94.9013
40 36 834 805.591
40 37 8372 31.1709
40 38 2530 792.874
40 39 3804 538.721
40 40 0 0
146
31
348
1
274
284
267
175
289
162
56
300
174
162
370
463
250
354
380
436
312
181
308
292
53
339
420
265
495
202
36
493
86
236
495
360
372
114
35
161
