23
0.75
1 1 0 0
1 2 143 73.9409
1 3 4292 33.6429
1 4 9566 822.16
1 5 1050 12.3792
1 6 9808 688.885
1 7 72 69.9679
1 8 2910 100.215
1 9 2475 64.9983
1 10 1077 41.4384
1 11 1705 320.725
1 12 1216 56.4579
1 13 7813 44.6907
1 14 7599 23.3502
1 15 7002 13.8999
1 16 7774 492.965
1 17 3628 87.8111
1 18 5732 46.8897
1 19 7853 90.0426
1 20 9273 36.7266
1 21 4415 88.1408
1 22 7288 464.34
1 23 1328 42.4902
2 1 3777 428.904
2 2 0 0
2 3 3621 263.736
2 4 5821 96.9516
2 5 9264 109.791
2 6 654 260.706
2 7 9333 16.3177
2 8 3353 346.948
2 9 1271 37.7484
2 10 5398 637.706
2 11 2227 37.0253
2 12 2404 81.187
2 13 9141 59.4402
2 14 2546 408.412
2 15 9723 112.784
2 16 9799 30.72
2 17 9334 71.3806
2 18 7155 882.585
2 19 4338 39.792
2 20 8942 210.537
2 21 8535 14.5015
2 22 4578 188.261
2 23 3727 83.3775
3 1 279 760.559
3 2 4714 81.1577
3 3 0 0
3 4 660 404.939
3 5 200 26.9543
3 6 1189 845.815
3 7 6546 76.102
3 8 6096 436.566
3 9 8071 68.6795
3 10 2856 56.6608
3 11 4227 58.4911
3 12 5805 905.438
3 13 9764 66.7706
3 14 8072 509.629
3 15 5032 951.915
3 16 9976 967.738
3 17 2609 98.4049
3 18 556 109.833
3 19 9213 938.287
3 20 809 80.0946
3 21 452 38.1774
3 22 7282 414.383
3 23 7495 237.975
4 1 9870 70.1737
4 2 1501 742.87
4 3 780 245.178
4 4 0 0
4 5 8510 991.248
4 6 8084 36.8999
4 7 5742 308.969
4 8 9075 126.172
4 9 9958 908.87
4 10 4821 48.0837
4 11 296 322.634
4 12 8393 415.836
4 13 8829 65.3827
4 14 1804 440.818
4 15 8507 377.956
4 16 1837 62.7816
4 17 7889 346.966
4 18 1088 48.22
4 19 642 23.0127
4 20 4425 75.6563
4 21 947 18.4227
4 22 6324 85.3545
4 23 5926 67.3238
5 1 3839 495.223
5 2 3689 457.236
5 3 4436 44.3328
5 4 6636 27.1827
5 5 0 0
5 6 9504 871.02
5 7 200 21.1853
5 8 1880 105.25
5 9 9124 88.7356
5 10 8482 854.384
5 11 9824 82.5325
5 12 8301 26.3048
5 13 7396 402.733
5 14 1971 405.627
5 15 3760 54.0729
5 16 4856 92.7009
5 17 4335 77.0638
5 18 4859 880.487
5 19 1249 817.392
5 20 3801 89.3988
5 21 908 33.611
5 22 4105 28.9141
5 23 1547 93.8988
6 1 1742 38.8339
6 2 2879 43.0278
6 3 5551 556.683
6 4 848 329.752
6 5 3058 789.614
6 6 0 0
6 7 5664 1001.92
6 8 3259 50.9078
6 9 8521 690.112
6 10 3728 492.774
6 11 2718 103.412
6 12 5534 491.377
6 13 3906 56.7882
6 14 3528 75.4585
6 15 1200 145.126
6 16 9825 88.8739
6 17 4932 107.88
6 18 4701 502.67
6 19 1262 184.728
6 20 791 760.301
6 21 4294 392.437
6 22 9167 56.387
6 23 7380 400.226
7 1 2695 612.234
7 2 6318 936.903
7 3 8938 44.8709
7 4 9060 89.6625
7 5 4287 11.9558
7 6 8418 507.658
7 7 0 0
7 8 2363 477.035
7 9 9283 126.83
7 10 8020 540.942
7 11 6668 1007.71
7 12 7163 94.7413
7 13 2352 636.733
7 14 9435 665.421
7 15 7823 723.093
7 16 3179 89.1671
7 17 5115 942.062
7 18 5800 91.438
7 19 8019 931.398
7 20 8138 197.234
7 21 1691 103.265
7 22 5289 117.373
7 23 6107 305.017
8 1 8051 801.323
8 2 8240 395.031
8 3 4312 64.9418
8 4 966 303.726
8 5 5818 37.6111
8 6 9658 762.398
8 7 3133 115.024
8 8 0 0
8 9 1762 89.7859
8 10 6573 231.128
8 11 9318 107.707
8 12 9963 109.258
8 13 3798 40.253
8 14 9884 80.355
8 15 6155 31.5196
8 16 7382 43.5125
8 17 2280 540.372
8 18 133 927.767
8 19 8961 38.2502
8 20 8135 869.533
8 21 2116 269.028
8 22 5960 95.3468
8 23 2751 39.8274
9 1 3015 316.54
9 2 9931 679.935
9 3 8615 330.524
9 4 7571 82.684
9 5 8467 94.7814
9 6 2144 843.149
9 7 3943 22.1951
9 8 5505 831.594
9 9 0 0
9 10 9288 237.095
9 11 9697 22.9776
9 12 2267 924.668
9 13 366 646.713
9 14 2258 599.637
9 15 6463 14.9551
9 16 2641 86.8852
9 17 7571 862.565
9 18 5721 108.548
9 19 7311 82.7929
9 20 8012 81.7776
9 21 491 16.0665
9 22 5844 15.9128
9 23 6657 426.714
10 1 9087 358.62
10 2 514 199.97
10 3 9572 57.1138
10 4 2746 20.9889
10 5 8997 144.474
10 6 9165 414.426
10 7 5365 188.773
10 8 3559 320.984
10 9 2850 109.332
10 10 0 0
10 11 2604 95.0359
10 12 2753 243.998
10 13 4616 67.0774
10 14 2118 943.37
10 15 7372 26.9601
10 16 2524 21.2616
10 17 4221 894.365
10 18 7968 40.6443
10 19 3054 615.944
10 20 1879 922.644
10 21 358 151.211
10 22 1563 102.836
10 23 7750 96.3718
11 1 8088 109.685
11 2 8866 19.6595
11 3 4006 11.5528
11 4 9231 862.193
11 5 1850 43.4519
11 6 2581 28.0282
11 7 5562 55.0148
11 8 2989 30.3244
11 9 7873 866.283
11 10 5651 85.7886
11 11 0 0
11 12 4135 19.8023
11 13 1953 44.7831
11 14 5500 71.7199
11 15 124 14.0601
11 16 1344 32.4631
11 17 4524 751.557
11 18 9576 518.867
11 19 9350 433.725
11 20 6450 43.649
11 21 3629 491.16
11 22 4559 438.508
11 23 5007 121.904
12 1 2345 80.0949
12 2 9098 318.26
12 3 8542 828.202
12 4 2295 63.7217
12 5 9763 81.2516
12 6 9176 43.2948
12 7 4541 473.518
12 8 6477 49.1317
12 9 6382 990.064
12 10 5050 236.606
12 11 4993 237.539
12 12 0 0
12 13 219 1008.39
12 14 2663 49.1351
12 15 7822 84.0943
12 16 7335 237.447
12 17 4058 311.012
12 18 6390 26.4881
12 19 9500 685.337
12 20 1742 69.0266
12 21 3605 17.6922
12 22 690 285.445
12 23 1201 20.7244
13 1 1615 264.131
13 2 6923 38.1293
13 3 4353 17.4275
13 4 3482 911.436
13 5 12 943.337
13 6 7688 60.6468
13 7 5547 20.1989
13 8 5446 158.407
13 9 8743 85.7628
13 10 4136 640.599
13 11 4371 17.5581
13 12 694 101.078
13 13 0 0
13 14 5402 683.4
13 15 8256 444.707
13 16 8434 537.644
13 17 3179 425.729
13 18 2618 500.279
13 19 5836 741.359
13 20 1531 46.5575
13 21 7402 72.0466
13 22 3667 504.421
13 23 9341 388.791
14 1 5896 11.4519
14 2 7017 72.9052
14 3 9468 62.34
14 4 6935 96.2445
14 5 5270 42.1523
14 6 8920 500.901
14 7 5137 47.827
14 8 965 35.9077
14 9 7605 24.4044
14 10 9376 38.7305
14 11 6849 81.6987
14 12 7082 60.7367
14 13 3556 569.879
14 14 0 0
14 15 2637 817.861
14 16 8363 767.78
14 17 9931 521.624
14 18 2787 31.7802
14 19 8377 73.3941
14 20 837 49.0639
14 21 4539 66.3478
14 22 6529 16.3234
14 23 4913 66.3306
15 1 1596 59.8402
15 2 7715 406.166
15 3 98 682.325
15 4 4067 827.16
15 5 9106 572.029
15 6 9450 37.2506
15 7 2502 66.9058
15 8 8281 956.106
15 9 6127 88.2441
15 10 8290 19.2583
15 11 8138 515.584
15 12 8788 554.843
15 13 3527 82.8048
15 14 3979 51.0993
15 15 0 0
15 16 9062 15.0308
15 17 267 379.021
15 18 4911 636.207
15 19 6952 975.91
15 20 9413 685.437
15 21 5497 57.1773
15 22 8638 872.285
15 23 2391 416.852
16 1 5747 923.334
16 2 9772 23.9513
16 3 1694 607.01
16 4 652 60.363
16 5 7727 59.3311
16 6 3756 966.694
16 7 6928 55.7256
16 8 6475 15.8232
16 9 3663 332.927
16 10 7384 759.744
16 11 4409 744.849
16 12 2132 105.057
16 13 7324 31.4057
16 14 9091 97.349
16 15 6883 852.949
16 16 0 0
16 17 9556 14.9913
16 18 5389 75.435
16 19 511 448.699
16 20 5916 505.544
16 21 9741 43.0468
16 22 774 58.8316
16 23 8896 14.189
17 1 4436 50.2185
17 2 3754 71.9509
17 3 2525 72.882
17 4 9309 45.8512
17 5 7409 57.2308
17 6 6239 17.9707
17 7 7648 75.2483
17 8 6627 62.9186
17 9 9215 78.7867
17 10 3863 57.0662
17 11 6695 550.815
17 12 6701 59.5339
17 13 7237 847.862
17 14 8734 16.1696
17 15 2245 133.534
17 16 7401 490.634
17 17 0 0
17 18 677 201.228
17 19 2089 67.8242
17 20 9021 401.421
17 21 2233 375.614
17 22 3857 461.388
17 23 1218 872.798
18 1 9759 697.194
18 2 6362 86.7525
18 3 585 25.3703
18 4 7816 510.079
18 5 1271 255.352
18 6 6866 98.5064
18 7 7990 84.9685
18 8 8121 42.753
18 9 2508 76.0489
18 10 9235 160.747
18 11 4761 427.813
18 12 5258 62.4569
18 13 2741 92.9526
18 14 1913 814.992
18 15 8071 63.0675
18 16 6158 75.9056
18 17 5506 253.055
18 18 0 0
18 19 5330 980.538
18 20 2199 41.2167
18 21 6455 90.8757
18 22 1152 965.648
18 23 9879 600.7
19 1 5020 785.611
19 2 1522 73.3914
19 3 436 656.244
19 4 8790 13.8281
19 5 5026 38.4908
19 6 4517 890.906
19 7 5848 167.436
19 8 6524 66.5884
19 9 4117 106.905
19 10 8384 15.4126
19 11 2041 68.8637
19 12 5673 736.288
19 13 3447 977.156
19 14 6634 566.594
19 15 8453 389.666
19 16 6894 196.059
19 17 6429 313.301
19 18 5920 401.882
19 19 0 0
19 20 8250 70.2549
19 21 4532 45.3115
19 22 6377 26.8149
19 23 173 97.7177
20 1 6890 295.191
20 2 5543 932.866
20 3 1346 54.9258
20 4 3453 117.423
20 5 3546 877.897
20 6 3825 52.8487
20 7 7097 54.1035
20 8 4513 28.1031
20 9 5953 46.4754
20 10 6437 35.6597
20 11 3839 337.549
20 12 8596 233.852
20 13 5850 104.933
20 14 626 798.904
20 15 3793 633.469
20 16 1200 71.0463
20 17 5723 41.5771
20 18 5127 80.8442
20 19 501 852.601
20 20 0 0
20 21 3885 316.887
20 22 7306 837.587
20 23 4209 47.1856
21 1 7582 506.288
21 2 2230 590.55
21 3 8695 820.7
21 4 2463 500.04
21 5 6749 11.0451
21 6 2509 107.448
21 7 4275 745.254
21 8 4776 470.91
21 9 7833 38.6289
21 10 3040 733.602
21 11 5940 478.697
21 12 4231 723.17
21 13 7718 66.4445
21 14 6300 99.0418
21 15 3801 83.3939
21 16 3672 546.041
21 17 6776 324.829
21 18 9068 53.5056
21 19 3335 25.3319
21 20 7066 807.167
21 21 0 0
21 22 5209 69.0452
21 23 9966 58.2507
22 1 1963 36.2237
22 2 8642 65.3111
22 3 3906 106.559
22 4 3480 91.5447
22 5 8843 821.123
22 6 6848 89.5218
22 7 1381 84.6213
22 8 6099 486.919
22 9 5212 383.966
22 10 5358 36.2052
22 11 6065 82.1726
22 12 2379 66.3688
22 13 9467 37.7977
22 14 7728 885.044
22 15 2374 339.376
22 16 7681 386.224
22 17 8425 486.501
22 18 5145 668.833
22 19 4528 74.6824
22 20 5219 100.917
22 21 7801 25.9043
22 22 0 0
22 23 3642 970.885
23 1 8096 215.115
23 2 2262 72.5671
23 3 2516 85.8595
23 4 1985 101.872
23 5 6091 64.1091
23 6 1816 87.9037
23 7 5283 439.721
23 8 8997 18.3596
23 9 1982 32.3168
23 10 6200 120.673
23 11 293 309.223
23 12 4521 85.4408
23 13 5067 39.1675
23 14 8071 82.2147
23 15 3085 851.043
23 16 1491 732.983
23 17 3036 854.886
23 18 5635 68.0719
23 19 8295 29.2534
23 20 9785 412.056
23 21 2484 87.2974
23 22 5859 593.264
23 23 0 0
491
0
323
402
423
16
476
360
300
435
352
252
480
388
135
287
375
219
427
22
286
53
159
