60
0.75
1 1 0 0
1 2 798 144.861
1 3 162 137.201
1 4 355 172.938
1 5 85 531.592
1 6 80 408.541
1 7 638 32.251
1 8 490 934.863
1 9 719 25.6346
1 10 659 87.5842
1 11 807 72.2333
1 12 441 228.146
1 13 821 38.779
1 14 54 58.4512
1 15 598 63.4288
1 16 681 559.059
1 17 306 907.671
1 18 175 984.822
1 19 214 107.647
1 20 878 32.4372
1 21 649 65.7176
1 22 315 33.3955
1 23 8 27.893
1 24 948 72.9566
1 25 129 960.591
1 26 407 852.738
1 27 105 692.913
1 28 985 78.0715
1 29 104 600.32
1 30 238 762.556
1 31 969 990.621
1 32 747 76.9332
1 33 603 388.948
1 34 612 35.2327
1 35 926 50.1624
1 36 155 31.8085
1 37 526 433.78
1 38 914 103.234
1 39 25 568.885
1 40 961 576.973
1 41 407 103.97
1 42 929 250.577
1 43 431 38.8797
1 44 336 100.805
1 45 296 93.3338
1 46 676 231.29
1 47 259 37.8207
1 48 621 997.854
1 49 685 73.0818
1 50 0 545.997
1 51 666 383.089
1 52 140 706.249
1 53 874 377.779
1 54 431 20.4038
1 55 559 831.924
1 56 787 870.103
1 57 209 55.848
1 58 77 31.0852
1 59 440 42.7769
1 60 738 971.119
2 1 227 36.6976
2 2 0 0
2 3 393 102.569
2 4 977 401.552
2 5 385 109.582
2 6 245 44.4493
2 7 527 468.815
2 8 272 38.9773
2 9 628 29.7363
2 10 53 10.4761
2 11 517 52.7229
2 12 809 541.083
2 13 981 93.7062
2 14 133 40.4697
2 15 444 59.6933
2 16 515 23.4861
2 17 32 834.763
2 18 104 466.984
2 19 121 381.258
2 20 682 586.098
2 21 412 336.975
2 22 187 777.937
2 23 500 69.328
2 24 495 83.9525
2 25 7 131.372
2 26 830 79.4449
2 27 672 141.809
2 28 134 82.7989
2 29 146 916.003
2 30 395 21.3895
2 31 587 31.9123
2 32 134 877.458
2 33 646 292.632
2 34 270 410.8
2 35 511 419.314
2 36 47 763.319
2 37 646 642.71
2 38 670 413.577
2 39 794 336.334
2 40 671 691.448
2 41 311 70.448
2 42 747 925.677
2 43 458 17.0132
2 44 493 40.7779
2 45 685 440.189
2 46 657 83.4611
2 47 4 84.9718
2 48 778 98.0062
2 49 719 802.261
2 50 716 912.463
2 51 30 21.182
2 52 828 895.708
2 53 597 55.6893
2 54 869 231.931
2 55 907 744.367
2 56 550 55.9334
2 57 440 49.4147
2 58 260 74.1438
2 59 398 762.647
2 60 653 49.4024
3 1 858 70.2954
3 2 847 70.3137
3 3 0 0
3 4 570 68.797
3 5 900 19.9551
3 6 711 45.9905
3 7 450 957.661
3 8 640 74.6535
3 9 707 361.756
3 10 922 21.1026
3 11 23 56.8978
3 12 786 55.8174
3 13 43 27.6824
3 14 284 82.4296
3 15 945 81.3889
3 16 656 232.968
3 17 718 81.395
3 18 67 332.672
3 19 379 128.778
3 20 144 244.993
3 21 461 50.0037
3 22 135 51.5784
3 23 166 88.6462
3 24 930 161.799
3 25 721 42.1024
3 26 417 559.211
3 27 964 14.1017
3 28 347 67.8112
3 29 358 82.2983
3 30 407 200.069
3 31 630 31.9245
3 32 858 103.304
3 33 637 107.314
3 34 147 16.7873
3 35 437 28.6773
3 36 697 16.9033
3 37 434 987.935
3 38 939 78.8803
3 39 848 86.9524
3 40 789 621.744
3 41 478 139.063
3 42 301 34.3019
3 43 89 869.828
3 44 225 58.8845
3 45 829 99.3918
3 46 171 72.3035
3 47 773 873.002
3 48 615 627.878
3 49 883 240.75
3 50 117 87.2118
3 51 572 85.2922
3 52 600 230.161
3 53 947 736.859
3 54 862 91.7896
3 55 741 90.0806
3 56 5 741.132
3 57 984 75.2394
3 58 273 15.6764
3 59 806 34.7444
3 60 294 784.651
4 1 664 37.4514
4 2 188 975.941
4 3 195 44.4646
4 4 0 0
4 5 346 180.782
4 6 974 284.545
4 7 700 79.8996
4 8 910 95.9371
4 9 608 54.5387
4 10 647 71.269
4 11 419 556.403
4 12 726 73.4754
4 13 781 91.0511
4 14 319 693.615
4 15 263 132.196
4 16 826 311.431
4 17 262 94.1395
4 18 845 116.784
4 19 140 158.015
4 20 152 742.902
4 21 495 528.265
4 22 757 1005.73
4 23 452 41.727
4 24 450 348.847
4 25 148 13.7233
4 26 141 58.6465
4 27 725 968.068
4 28 985 800.307
4 29 256 72.1082
4 30 306 316.253
4 31 259 723.736
4 32 909 36.9662
4 33 651 15.4018
4 34 732 928.241
4 35 606 969.777
4 36 771 850.602
4 37 585 504.98
4 38 543 86.3939
4 39 135 185.726
4 40 880 13.0122
4 41 679 541.175
4 42 132 280.211
4 43 14 1001.06
4 44 910 31.7902
4 45 792 37.9733
4 46 183 279.997
4 47 751 22.3295
4 48 532 935.443
4 49 321 104.107
4 50 963 34.5949
4 51 974 102.801
4 52 491 609.719
4 53 41 81.8833
4 54 475 812.484
4 55 384 87.8283
4 56 334 108.483
4 57 69 925.586
4 58 626 720.044
4 59 395 109.353
4 60 2 77.4825
5 1 802 22.4119
5 2 206 46.5429
5 3 631 63.5478
5 4 959 104.238
5 5 0 0
5 6 59 108.306
5 7 433 11.1963
5 8 335 200.863
5 9 662 53.6354
5 10 412 56.5896
5 11 665 573.097
5 12 458 468.815
5 13 908 852.372
5 14 23 27.185
5 15 0 383.089
5 16 438 96.2362
5 17 14 109.796
5 18 423 597.542
5 19 158 89.9158
5 20 870 100.237
5 21 214 279.601
5 22 795 88.7866
5 23 661 908.038
5 24 698 382.845
5 25 989 655.833
5 26 652 64.5488
5 27 702 111.016
5 28 688 266.417
5 29 489 30.5145
5 30 74 326.782
5 31 971 221.615
5 32 858 928.394
5 33 384 108.834
5 34 419 83.9769
5 35 341 578.865
5 36 111 828.659
5 37 982 516.577
5 38 661 461.43
5 39 696 730.573
5 40 53 469.761
5 41 429 86.7449
5 42 485 27.5085
5 43 187 460.056
5 44 142 800.155
5 45 427 11.3489
5 46 792 254.148
5 47 508 60.0168
5 48 409 88.1182
5 49 144 777.479
5 50 857 843.247
5 51 395 93.8221
5 52 420 406.588
5 53 983 288.085
5 54 579 394.106
5 55 478 815.933
5 56 649 683.727
5 57 101 105.984
5 58 81 865.434
5 59 470 109.753
5 60 534 144.251
6 1 513 102.056
6 2 147 69.9658
6 3 192 31.0456
6 4 104 254.148
6 5 284 27.0995
6 6 0 0
6 7 468 845.719
6 8 127 321.869
6 9 810 24.1087
6 10 945 619.455
6 11 641 28.5705
6 12 592 46.5062
6 13 521 44.8216
6 14 190 47.5591
6 15 883 255.369
6 16 790 95.9218
6 17 819 79.2953
6 18 275 677.379
6 19 800 75.6026
6 20 895 48.6547
6 21 496 159.571
6 22 963 71.4277
6 23 630 657.511
6 24 415 620.584
6 25 593 834.549
6 26 897 40.1248
6 27 305 530.524
6 28 860 96.8831
6 29 240 90.3064
6 30 845 63.6607
6 31 663 13.7049
6 32 410 264.433
6 33 16 85.5943
6 34 720 55.79
6 35 545 28.7811
6 36 752 61.9761
6 37 974 36.3527
6 38 340 579.292
6 39 427 40.549
6 40 883 655.985
6 41 303 46.198
6 42 456 40.4483
6 43 847 1002.31
6 44 714 52.2742
6 45 43 229.337
6 46 90 718.823
6 47 271 840.805
6 48 521 98.11
6 49 353 107.168
6 50 934 43.3995
6 51 441 44.666
6 52 154 933.643
6 53 43 160.914
6 54 854 949.726
6 55 167 29.2175
6 56 801 1005.85
6 57 813 695.965
6 58 115 19.5614
6 59 878 11.9166
6 60 704 152.155
7 1 202 524.512
7 2 724 37.7291
7 3 158 20.0711
7 4 451 39.0506
7 5 927 12.5544
7 6 292 65.0371
7 7 0 0
7 8 491 63.6088
7 9 332 118.982
7 10 852 15.0508
7 11 753 53.5835
7 12 667 101.086
7 13 226 288.878
7 14 559 72.1662
7 15 763 61.3932
7 16 168 718.823
7 17 797 537.177
7 18 234 31.7322
7 19 761 22.1342
7 20 431 71.6657
7 21 261 272.551
7 22 695 81.1966
7 23 290 959.644
7 24 770 296.538
7 25 421 168.971
7 26 706 759.84
7 27 299 959.644
7 28 10 26.0375
7 29 202 62.9923
7 30 127 771.834
7 31 973 92.4061
7 32 401 743.329
7 33 889 93.7611
7 34 270 352.967
7 35 34 108.929
7 36 142 32.541
7 37 656 190.609
7 38 987 31.0425
7 39 55 347.321
7 40 177 23.0497
7 41 595 113.916
7 42 666 470.311
7 43 443 102.965
7 44 137 620.492
7 45 371 584.664
7 46 10 351.777
7 47 753 81.6178
7 48 459 30.4199
7 49 98 56.8093
7 50 256 36.78
7 51 396 97.3684
7 52 269 91.9514
7 53 186 416.629
7 54 798 290.77
7 55 873 95.6868
7 56 651 487.371
7 57 583 39.6457
7 58 453 79.216
7 59 729 85.6096
7 60 826 786.482
8 1 402 50.495
8 2 585 124.414
8 3 679 65.6658
8 4 482 557.472
8 5 279 42.3038
8 6 795 70.4602
8 7 95 396.151
8 8 0 0
8 9 80 76.5273
8 10 618 75.6026
8 11 844 23.7761
8 12 240 374.452
8 13 68 58.8479
8 14 654 88.6523
8 15 887 139.398
8 16 659 21.5818
8 17 215 904.436
8 18 366 563.575
8 19 247 235.196
8 20 260 67.0971
8 21 849 388.552
8 22 320 29.1595
8 23 579 17.7456
8 24 441 23.2542
8 25 577 28.717
8 26 839 47.2723
8 27 775 336.334
8 28 618 90.4407
8 29 149 105.215
8 30 976 79.6188
8 31 795 514.959
8 32 136 387.361
8 33 860 89.6075
8 34 712 479.314
8 35 857 97.2219
8 36 385 86.5801
8 37 2 387.361
8 38 884 132.684
8 39 370 406.832
8 40 715 18.7802
8 41 323 853.013
8 42 296 114.16
8 43 305 69.6423
8 44 719 593.666
8 45 363 168.544
8 46 68 604.989
8 47 604 57.5509
8 48 135 975.88
8 49 556 88.3898
8 50 93 902.087
8 51 560 35.6081
8 52 452 304.29
8 53 200 26.3274
8 54 80 810.012
8 55 988 23.4434
8 56 602 107.101
8 57 729 1008.69
8 58 365 97.6339
8 59 664 788.1
8 60 333 104.733
9 1 831 784.987
9 2 153 97.4538
9 3 326 59.6628
9 4 304 748.09
9 5 786 516.058
9 6 348 237.668
9 7 544 40.5033
9 8 579 43.6039
9 9 0 0
9 10 39 27.008
9 11 998 926.959
9 12 435 608.346
9 13 798 630.35
9 14 575 813.339
9 15 19 578.712
9 16 412 666.453
9 17 539 45.3099
9 18 998 730.573
9 19 382 22.3814
9 20 378 79.7653
9 21 169 45.7433
9 22 776 841.385
9 23 798 102.3
9 24 627 709.82
9 25 439 107.092
9 26 578 531.073
9 27 514 561.775
9 28 579 717.968
9 29 909 378.236
9 30 992 16.4333
9 31 971 299.315
9 32 201 94.6706
9 33 770 856.889
9 34 769 14.1383
9 35 882 514.105
9 36 876 766.737
9 37 505 678.996
9 38 323 82.4509
9 39 287 94.0907
9 40 709 77.3818
9 41 693 564.216
9 42 948 913.897
9 43 829 64.2467
9 44 974 879.015
9 45 432 426.15
9 46 125 132.196
9 47 875 759.657
9 48 827 76.9149
9 49 854 447.178
9 50 413 795.607
9 51 820 22.3783
9 52 615 785.964
9 53 776 84.4346
9 54 540 130.64
9 55 257 645.304
9 56 361 112.969
9 57 438 101.678
9 58 87 455.753
9 59 205 96.1782
9 60 455 94.8567
10 1 116 30.9754
10 2 747 735.7
10 3 698 73.976
10 4 516 12.411
10 5 553 480.595
10 6 772 888.14
10 7 379 423.709
10 8 661 166.133
10 9 35 100.719
10 10 0 0
10 11 615 810.806
10 12 409 136.133
10 13 346 48.084
10 14 567 71.4399
10 15 814 598.275
10 16 802 109.222
10 17 282 660.014
10 18 569 91.3868
10 19 916 916.766
10 20 855 13.1434
10 21 911 277.067
10 22 759 16.531
10 23 553 1006
10 24 589 511.846
10 25 803 481.969
10 26 299 817.154
10 27 399 36.664
10 28 615 77.4306
10 29 834 303.497
10 30 145 65.388
10 31 797 106.255
10 32 418 40.1035
10 33 570 398.043
10 34 766 38.7362
10 35 963 95.5586
10 36 417 621.957
10 37 431 93.5292
10 38 178 202.297
10 39 615 453.068
10 40 74 598.519
10 41 907 356.965
10 42 751 19.595
10 43 159 625.558
10 44 121 65.6749
10 45 69 904.62
10 46 146 126.977
10 47 463 274.016
10 48 324 51.5296
10 49 201 173.732
10 50 113 68.3209
10 51 12 89.5465
10 52 248 44.1716
10 53 488 374.086
10 54 454 73.8081
10 55 793 35.2998
10 56 114 42.1238
10 57 672 42.841
10 58 572 161.891
10 59 562 51.5632
10 60 384 44.1472
11 1 278 390.474
11 2 56 671
11 3 286 22.775
11 4 936 69.682
11 5 418 949.482
11 6 658 39.899
11 7 265 95.7997
11 8 369 556.525
11 9 235 17.9409
11 10 853 89.1986
11 11 0 0
11 12 346 935.504
11 13 386 179.836
11 14 149 86.2535
11 15 227 794.875
11 16 34 590.676
11 17 736 36.2398
11 18 495 106.49
11 19 548 78.5446
11 20 686 10.3143
11 21 484 21.7161
11 22 113 51.3892
11 23 760 40.0699
11 24 830 105.798
11 25 941 53.4004
11 26 237 165.248
11 27 84 324.951
11 28 318 67.8417
11 29 266 811.447
11 30 796 76.924
11 31 218 71.1438
11 32 283 34.5125
11 33 835 604.592
11 34 853 764.326
11 35 612 22.2684
11 36 634 39.1147
11 37 688 73.271
11 38 808 907.092
11 39 922 858.933
11 40 397 76.8294
11 41 858 450.26
11 42 608 44.7453
11 43 122 465.916
11 44 518 555.824
11 45 873 465.336
11 46 234 71.742
11 47 600 52.9762
11 48 512 73.921
11 49 326 12.8993
11 50 632 632.7
11 51 535 98.1924
11 52 316 100.899
11 53 354 569.526
11 54 483 195.369
11 55 767 69.8315
11 56 137 105.187
11 57 423 614.968
11 58 608 126.855
11 59 663 52.6588
11 60 46 49.1369
12 1 134 41.8155
12 2 297 609.689
12 3 117 604.684
12 4 244 106.384
12 5 912 57.6699
12 6 950 96.6115
12 7 427 15.4964
12 8 119 88.5516
12 9 586 54.8469
12 10 92 446.445
12 11 405 54.7645
12 12 0 0
12 13 685 763.014
12 14 251 956.257
12 15 158 60.4563
12 16 705 786.666
12 17 114 565.742
12 18 151 99.8801
12 19 323 917.529
12 20 799 402.651
12 21 146 275.572
12 22 98 39.8624
12 23 416 28.0242
12 24 273 386.171
12 25 919 125.94
12 26 453 370.24
12 27 319 14.4313
12 28 876 101.482
12 29 357 53.9314
12 30 477 845.81
12 31 903 10.65
12 32 848 86.8639
12 33 332 241.513
12 34 485 50.3394
12 35 373 10.6226
12 36 173 426.822
12 37 709 41.1747
12 38 321 107.098
12 39 818 340.302
12 40 223 990.071
12 41 63 64.7014
12 42 293 250.181
12 43 166 61.4328
12 44 747 521.917
12 45 579 20.9928
12 46 820 383.821
12 47 189 54.8927
12 48 498 762.983
12 49 926 33.8258
12 50 214 21.0385
12 51 352 419.925
12 52 702 951.893
12 53 143 475.377
12 54 324 26.9713
12 55 479 241.086
12 56 340 786.696
12 57 265 88.988
12 58 518 303.497
12 59 940 43.8145
12 60 89 130.06
13 1 499 763.807
13 2 24 86.4
13 3 891 873.002
13 4 471 552.985
13 5 333 99.7488
13 6 376 755.415
13 7 232 65.6597
13 8 850 309.265
13 9 828 66.0137
13 10 131 300.994
13 11 705 729.504
13 12 894 92.6411
13 13 0 0
13 14 753 505.102
13 15 385 370.118
13 16 5 96.8801
13 17 844 374.696
13 18 414 36.8136
13 19 831 78.8559
13 20 932 46.0027
13 21 734 88.988
13 22 715 100.759
13 23 571 95.6441
13 24 337 78.2974
13 25 55 261.991
13 26 367 87.5445
13 27 645 406.924
13 28 380 74.9953
13 29 414 725.018
13 30 394 137.75
13 31 500 299.712
13 32 676 29.5563
13 33 732 109.023
13 34 457 43.3293
13 35 279 78.3218
13 36 36 10.6378
13 37 237 45.7768
13 38 179 229.001
13 39 470 28.8635
13 40 164 79.9728
13 41 100 379.762
13 42 107 521.429
13 43 785 69.0564
13 44 483 779.555
13 45 210 938.739
13 46 446 852.402
13 47 423 326.813
13 48 131 11.9105
13 49 152 245.267
13 50 415 38.7912
13 51 217 61.2253
13 52 781 79.8569
13 53 587 79.866
13 54 208 919.146
13 55 649 15.9542
13 56 605 16.6256
13 57 552 50.3821
13 58 731 36.3924
13 59 229 401.064
13 60 608 602.853
14 1 121 32.9041
14 2 848 45.7921
14 3 568 445.591
14 4 237 62.6414
14 5 855 30.7617
14 6 482 10.3723
14 7 827 64.3443
14 8 426 13.8026
14 9 256 32.7424
14 10 501 15.7253
14 11 256 743.879
14 12 767 76.5883
14 13 899 76.2191
14 14 0 0
14 15 937 59.9435
14 16 249 20.8615
14 17 488 287.078
14 18 114 37.955
14 19 205 842.789
14 20 647 87.5079
14 21 606 275.816
14 22 615 35.9133
14 23 621 770.826
14 24 445 22.302
14 25 358 30.6427
14 26 874 79.686
14 27 405 71.9648
14 28 389 808.608
14 29 262 690.685
14 30 451 394.411
14 31 802 540.198
14 32 147 229.337
14 33 811 59.7024
14 34 955 86.2841
14 35 373 83.983
14 36 570 984.029
14 37 344 31.9123
14 38 832 46.0912
14 39 707 22.2288
14 40 548 105.083
14 41 148 850.48
14 42 281 582.619
14 43 131 40.4514
14 44 830 548.011
14 45 187 56.6536
14 46 247 21.6733
14 47 295 399.111
14 48 627 750.471
14 49 215 330.048
14 50 421 37.1371
14 51 758 751.417
14 52 48 65.5956
14 53 575 700.695
14 54 969 488.042
14 55 192 90.9656
14 56 576 55.5184
14 57 144 100.689
14 58 820 418.246
14 59 810 457.066
14 60 882 318.664
15 1 722 438.266
15 2 494 97.0388
15 3 268 80.4855
15 4 0 615.121
15 5 101 90.9961
15 6 358 26.6723
15 7 521 574.287
15 8 337 40.4178
15 9 261 25.4424
15 10 993 104.494
15 11 86 67.741
15 12 457 26.7852
15 13 683 67.7532
15 14 9 32.0222
15 15 0 0
15 16 710 98.4426
15 17 807 101.437
15 18 878 904.406
15 19 936 589.852
15 20 44 67.6708
15 21 320 13.7568
15 22 857 35.7485
15 23 125 31.2409
15 24 641 884.691
15 25 67 73.6738
15 26 958 166.774
15 27 975 849.991
15 28 712 98.4426
15 29 813 109.277
15 30 618 20.4282
15 31 752 96.288
15 32 128 93.0622
15 33 966 108.117
15 34 482 109.24
15 35 755 321.319
15 36 401 459.751
15 37 755 102.807
15 38 982 44.4554
15 39 337 79.7348
15 40 506 25.3294
15 41 917 108.148
15 42 332 187.679
15 43 761 370.82
15 44 762 88.8781
15 45 99 21.3254
15 46 671 79.4266
15 47 471 413.424
15 48 309 85.1732
15 49 252 43.2377
15 50 73 62.3453
15 51 783 90.4254
15 52 168 999.715
15 53 560 217.77
15 54 534 739.881
15 55 857 91.0816
15 56 359 67.0238
15 57 591 25.0975
15 58 986 318.39
15 59 415 209.194
15 60 582 88.2556
16 1 346 312.164
16 2 886 48.4411
16 3 709 59.6994
16 4 566 34.073
16 5 697 46.3628
16 6 814 847.672
16 7 793 773.054
16 8 898 968.037
16 9 213 32.4006
16 10 421 66.8651
16 11 612 11.7487
16 12 354 870.134
16 13 576 81.7612
16 14 444 136.53
16 15 48 101.598
16 16 0 0
16 17 695 80.7266
16 18 921 46.1919
16 19 448 927.02
16 20 874 771.589
16 21 272 99.2605
16 22 676 427.768
16 23 851 718.945
16 24 90 54.8805
16 25 771 96.8252
16 26 482 21.5024
16 27 758 668.742
16 28 121 53.2508
16 29 383 29.6966
16 30 725 398.44
16 31 205 67.1032
16 32 562 41.6172
16 33 89 618.478
16 34 39 106.695
16 35 746 71.4185
16 36 837 25.3111
16 37 373 189.174
16 38 812 169.948
16 39 301 219.937
16 40 192 15.4262
16 41 270 964.039
16 42 237 195.125
16 43 548 41.5561
16 44 775 206.295
16 45 57 16.9308
16 46 255 390.444
16 47 799 91.7164
16 48 22 92.4
16 49 734 91.5088
16 50 132 24.5085
16 51 814 263.304
16 52 836 44.0373
16 53 447 42.432
16 54 344 962.574
16 55 70 597.268
16 56 954 88.7683
16 57 542 868.119
16 58 983 289.611
16 59 273 34.7047
16 60 365 859.757
17 1 226 165.065
17 2 789 805.221
17 3 237 161.494
17 4 785 95.7692
17 5 873 824.081
17 6 286 75.2882
17 7 463 104.177
17 8 687 90.0501
17 9 227 27.8838
17 10 799 240.262
17 11 841 146.296
17 12 328 713.299
17 13 150 79.3381
17 14 61 169.795
17 15 417 438.785
17 16 594 80.9067
17 17 0 0
17 18 573 29.6631
17 19 653 1004.23
17 20 371 856.98
17 21 179 30.4718
17 22 310 135.675
17 23 75 45.023
17 24 961 1002.03
17 25 612 601.754
17 26 883 19.5492
17 27 664 884.966
17 28 896 86.2352
17 29 32 175.532
17 30 592 834.763
17 31 326 97.8079
17 32 750 107.891
17 33 909 250.944
17 34 598 97.5881
17 35 318 107.36
17 36 947 13.7812
17 37 402 49.671
17 38 695 27.832
17 39 844 585.61
17 40 925 89.6625
17 41 451 942.859
17 42 314 813.98
17 43 57 69.0899
17 44 872 435.123
17 45 297 144.709
17 46 593 106.295
17 47 746 162.684
17 48 549 43.0821
17 49 941 447.391
17 50 136 699.108
17 51 607 83.9311
17 52 753 604.653
17 53 967 94.3532
17 54 511 28.3691
17 55 695 62.0981
17 56 8 713.177
17 57 330 383.76
17 58 900 295.928
17 59 563 289.458
17 60 810 884.813
18 1 698 96.7641
18 2 850 49.2468
18 3 608 84.3095
18 4 487 71.9678
18 5 945 200.863
18 6 717 92.2047
18 7 296 78.2058
18 8 47 109.933
18 9 295 51.2519
18 10 202 11.1597
18 11 308 70.6891
18 12 252 98.9431
18 13 496 782.759
18 14 90 75.0044
18 15 739 424.441
18 16 915 675.975
18 17 59 689.312
18 18 0 0
18 19 935 90.813
18 20 654 834.671
18 21 319 63.4471
18 22 632 76.9149
18 23 481 34.9641
18 24 16 105.239
18 25 776 32.0069
18 26 162 49.5215
18 27 546 75.0655
18 28 464 95.7356
18 29 540 248.105
18 30 62 960.926
18 31 88 10.6745
18 32 417 51.6791
18 33 836 56.3179
18 34 890 136.469
18 35 899 95.3908
18 36 756 373.781
18 37 10 225.979
18 38 377 700.481
18 39 303 58.7503
18 40 925 845.475
18 41 328 68.6505
18 42 599 39.0567
18 43 626 25.54
18 44 331 284.85
18 45 956 222.134
18 46 832 77.2933
18 47 977 44.3699
18 48 444 12.9756
18 49 498 32.9713
18 50 758 67.4145
18 51 936 906.42
18 52 281 59.2843
18 53 873 630.197
18 54 356 19.8392
18 55 777 723.797
18 56 150 136.347
18 57 354 674.449
18 58 796 985.951
18 59 974 47.7026
18 60 757 225.491
19 1 765 739.423
19 2 520 109.384
19 3 705 410.281
19 4 283 79.393
19 5 310 112.817
19 6 31 57.4807
19 7 139 17.8097
19 8 299 895.342
19 9 8 19.5706
19 10 214 146.967
19 11 810 407.351
19 12 386 514.868
19 13 824 23.1138
19 14 9 332.672
19 15 856 992.604
19 16 708 773.848
19 17 244 13.7935
19 18 338 79.0268
19 19 0 0
19 20 137 552.985
19 21 453 932.025
19 22 764 278.471
19 23 634 972.554
19 24 245 89.0338
19 25 954 140.65
19 26 209 268.766
19 27 439 835.526
19 28 767 306.304
19 29 801 101.046
19 30 477 75.0166
19 31 925 581.398
19 32 939 267.942
19 33 711 117.913
19 34 123 69.0869
19 35 520 589.363
19 36 582 74.0126
19 37 201 77.4123
19 38 880 93.6512
19 39 104 238.156
19 40 162 76.3656
19 41 597 119.287
19 42 96 878.068
19 43 102 343.811
19 44 432 20.8036
19 45 10 101.751
19 46 413 756.33
19 47 943 80.6778
19 48 131 407.137
19 49 989 924.365
19 50 253 931.323
19 51 839 102.169
19 52 2 947.04
19 53 333 83.2505
19 54 99 725.567
19 55 880 904.07
19 56 557 77.4398
19 57 530 46.7718
19 58 560 79.9942
19 59 154 45.7036
19 60 627 354.554
20 1 674 21.005
20 2 378 78.0837
20 3 398 93.2698
20 4 10 387.483
20 5 365 80.3299
20 6 214 527.533
20 7 590 200.71
20 8 215 103.106
20 9 426 17.6785
20 10 969 58.8144
20 11 583 399.264
20 12 841 29.5318
20 13 73 503.423
20 14 356 433.292
20 15 634 500.768
20 16 97 30.719
20 17 178 466.954
20 18 520 42.6273
20 19 376 557.136
20 20 0 0
20 21 275 93.4437
20 22 630 233.273
20 23 279 707.897
20 24 493 54.7859
20 25 970 256.345
20 26 261 268.858
20 27 733 38.5562
20 28 782 42.4473
20 29 224 1001.79
20 30 768 499.944
20 31 318 484.685
20 32 110 615.884
20 33 37 56.1806
20 34 225 696.819
20 35 673 14.1444
20 36 781 41.724
20 37 338 946.644
20 38 56 92.6563
20 39 565 58.5794
20 40 594 81.7307
20 41 909 519.171
20 42 431 87.7795
20 43 82 76.3015
20 44 267 877.061
20 45 239 95.4488
20 46 752 25.1738
20 47 722 943.164
20 48 507 32.3731
20 49 771 41.3669
20 50 885 76.3015
20 51 881 556.587
20 52 540 864.274
20 53 537 270.964
20 54 152 853.715
20 55 850 494.664
20 56 405 371.248
20 57 947 32.2633
20 58 237 55.4939
20 59 443 57.438
20 60 349 125.879
21 1 487 726.788
21 2 725 53.9405
21 3 35 405.306
21 4 89 99.1079
21 5 414 38.2571
21 6 357 85.869
21 7 986 808.151
21 8 971 58.8632
21 9 963 677.531
21 10 719 968.922
21 11 633 763.136
21 12 340 464.756
21 13 167 651.835
21 14 367 818.985
21 15 267 84.7551
21 16 908 57.6669
21 17 4 418.49
21 18 25 864.518
21 19 900 860.459
21 20 591 65.4979
21 21 0 0
21 22 856 87.6696
21 23 945 241.727
21 24 544 96.401
21 25 459 64.4908
21 26 980 27.4566
21 27 907 68.4887
21 28 118 689.83
21 29 87 170.71
21 30 804 658.824
21 31 100 440.83
21 32 549 569.099
21 33 382 13.6622
21 34 169 45.5083
21 35 825 824.57
21 36 727 65.5315
21 37 53 103.799
21 38 213 57.2671
21 39 423 609.811
21 40 485 808.334
21 41 121 726.758
21 42 510 843.613
21 43 891 247.831
21 44 802 95.8455
21 45 277 114.984
21 46 766 637.613
21 47 139 368.654
21 48 884 100.951
21 49 586 949.634
21 50 137 462.773
21 51 813 12.8199
21 52 448 100.933
21 53 632 101.293
21 54 255 190.578
21 55 14 11.5381
21 56 564 61.6587
21 57 413 452.03
21 58 324 614.297
21 59 310 922.473
21 60 698 106.28
22 1 923 761.274
22 2 686 43.9152
22 3 515 462.895
22 4 451 608.041
22 5 471 771.223
22 6 214 953.541
22 7 787 97.0022
22 8 801 339.417
22 9 832 97.817
22 10 322 82.9057
22 11 990 74.0645
22 12 417 77.0644
22 13 637 287.718
22 14 258 239.53
22 15 403 55.7015
22 16 152 72.1754
22 17 491 786.147
22 18 448 806.381
22 19 563 781.294
22 20 837 107.842
22 21 637 98.3541
22 22 0 0
22 23 525 299.865
22 24 403 85.5638
22 25 390 22.5156
22 26 548 23.2328
22 27 145 43.5032
22 28 574 32.5227
22 29 847 62.3606
22 30 474 37.4911
22 31 873 21.0416
22 32 146 104.827
22 33 367 39.4259
22 34 938 454.136
22 35 704 149.073
22 36 521 104.378
22 37 325 53.083
22 38 930 880.449
22 39 455 60.1724
22 40 700 526.678
22 41 898 383.669
22 42 900 34.9519
22 43 134 88.0023
22 44 843 477.818
22 45 344 835.037
22 46 489 45.3893
22 47 839 28.1249
22 48 456 76.4083
22 49 923 154.353
22 50 711 108.263
22 51 463 519.14
22 52 974 64.7594
22 53 109 14.2787
22 54 653 94.2372
22 55 944 85.3502
22 56 916 785.811
22 57 680 804.641
22 58 901 464.176
22 59 669 38.4921
22 60 710 51.7951
23 1 607 695.629
23 2 970 77.9067
23 3 820 88.4539
23 4 798 57.029
23 5 829 101.62
23 6 330 105.691
23 7 10 102.532
23 8 679 492.284
23 9 658 77.8335
23 10 166 861.436
23 11 75 784.499
23 12 483 331.665
23 13 282 72.5324
23 14 136 109.612
23 15 312 395.113
23 16 982 92.4274
23 17 600 462.62
23 18 132 43.9366
23 19 237 64.5946
23 20 82 27.2185
23 21 50 818.893
23 22 842 655.1
23 23 0 0
23 24 795 25.83
23 25 852 44.4584
23 26 462 35.5837
23 27 554 266.294
23 28 754 30.8625
23 29 303 58.3963
23 30 964 59.556
23 31 890 535.62
23 32 707 90.5414
23 33 568 532.721
23 34 69 68.4429
23 35 253 29.6203
23 36 244 34.9397
23 37 179 922.961
23 38 484 361.756
23 39 173 51.3312
23 40 421 615.792
23 41 228 813.552
23 42 19 752.607
23 43 306 107.415
23 44 610 757.032
23 45 121 60.8377
23 46 449 312.835
23 47 827 478.276
23 48 488 345.063
23 49 622 619.149
23 50 602 535.864
23 51 813 41.2693
23 52 325 722.027
23 53 912 63.6851
23 54 631 289.122
23 55 658 100.457
23 56 162 177.394
23 57 966 107.549
23 58 966 39.664
23 59 445 57.1786
23 60 436 65.1531
24 1 885 941.639
24 2 516 97.0998
24 3 123 50.0159
24 4 411 712.872
24 5 436 91.4112
24 6 73 593.026
24 7 931 284.361
24 8 42 75.9108
24 9 336 376.771
24 10 428 415.408
24 11 481 44.3425
24 12 559 129.724
24 13 857 89.8944
24 14 752 817.001
24 15 504 100.805
24 16 252 139.643
24 17 197 105.648
24 18 519 916.003
24 19 903 432.62
24 20 567 461.949
24 21 659 887.926
24 22 541 808.395
24 23 38 19.1281
24 24 0 0
24 25 326 69.917
24 26 107 67.9089
24 27 688 60.0137
24 28 345 15.1881
24 29 326 109.133
24 30 460 419.742
24 31 6 448.307
24 32 60 751.508
24 33 589 219.662
24 34 510 92.6594
24 35 606 80.9647
24 36 848 547.523
24 37 670 824.966
24 38 354 102.566
24 39 466 92.5739
24 40 709 36.7769
24 41 765 79.8935
24 42 382 67.8631
24 43 613 172.847
24 44 608 693.493
24 45 18 53.7605
24 46 6 61.6037
24 47 513 846.146
24 48 471 58.9059
24 49 778 71.5497
24 50 896 211.758
24 51 75 31.5796
24 52 931 31.9733
24 53 884 599.007
24 54 974 94.2219
24 55 459 90.5139
24 56 870 187.099
24 57 353 75.8315
24 58 730 47.3791
24 59 478 79.8263
24 60 726 678.752
25 1 711 126.092
25 2 765 87.3156
25 3 509 43.6924
25 4 552 32.4342
25 5 702 151.789
25 6 393 542.823
25 7 131 794.814
25 8 721 90.3644
25 9 803 11.0559
25 10 273 657.176
25 11 410 33.8044
25 12 473 446.903
25 13 549 68.5467
25 14 797 105.157
25 15 758 109.106
25 16 849 87.6086
25 17 126 66.1144
25 18 794 168.696
25 19 502 67.5884
25 20 407 105.257
25 21 83 438.907
25 22 233 446.506
25 23 399 39.4534
25 24 887 93.5475
25 25 0 0
25 26 815 640.726
25 27 663 879.961
25 28 170 872.27
25 29 861 293.761
25 30 100 881.67
25 31 910 75.2242
25 32 880 391.024
25 33 32 496.74
25 34 547 15.9053
25 35 226 44.7636
25 36 485 46.2041
25 37 170 995.565
25 38 78 93.7916
25 39 351 17.0589
25 40 450 25.4729
25 41 38 57.0779
25 42 475 28.9886
25 43 897 102.471
25 44 375 62.6811
25 45 440 958.546
25 46 954 76.4388
25 47 820 554.877
25 48 976 63.8133
25 49 372 46.9915
25 50 714 533.24
25 51 558 97.0693
25 52 766 563.301
25 53 72 41.6843
25 54 720 335.51
25 55 521 60.8988
25 56 393 58.5672
25 57 155 848.374
25 58 473 59.2935
25 59 501 495.336
25 60 267 16.7141
26 1 587 13.1129
26 2 153 762.586
26 3 70 811.874
26 4 704 43.7291
26 5 905 467.717
26 6 268 378.847
26 7 171 581.459
26 8 716 941.364
26 9 416 1006.55
26 10 213 329.224
26 11 495 126.459
26 12 85 395.784
26 13 735 227.353
26 14 12 38.4249
26 15 147 96.0561
26 16 146 27.9998
26 17 315 97.5668
26 18 589 430.972
26 19 132 84.16
26 20 539 743.604
26 21 288 630.075
26 22 350 48.8134
26 23 849 827.499
26 24 594 17.6754
26 25 946 516.455
26 26 0 0
26 27 56 69.2181
26 28 440 102.392
26 29 194 423.984
26 30 991 422.305
26 31 705 22.2623
26 32 785 46.8755
26 33 958 308.471
26 34 416 104.534
26 35 984 44.5775
26 36 539 96.6329
26 37 220 73.7104
26 38 624 949.879
26 39 577 635.263
26 40 375 13.9094
26 41 531 253.873
26 42 52 23.4983
26 43 419 23.8249
26 44 74 10.3143
26 45 250 171.077
26 46 924 22.8117
26 47 16 35.6325
26 48 623 723.218
26 49 819 476.964
26 50 129 207.516
26 51 717 55.9365
26 52 404 101.131
26 53 415 88.811
26 54 279 18.7802
26 55 106 261.32
26 56 435 32.5227
26 57 122 245.847
26 58 837 45.2214
26 59 347 14.6999
26 60 37 94.2128
27 1 865 108.547
27 2 827 44.5134
27 3 863 508.093
27 4 723 45.6883
27 5 227 226.193
27 6 508 55.8724
27 7 879 32.721
27 8 941 555.61
27 9 629 73.1794
27 10 109 707.562
27 11 147 449.375
27 12 830 511.297
27 13 106 37.9763
27 14 628 194.851
27 15 129 47.8735
27 16 631 81.9687
27 17 322 898.058
27 18 357 704.052
27 19 823 20.004
27 20 908 907.549
27 21 497 53.8215
27 22 633 89.9615
27 23 490 62.3118
27 24 213 18.4292
27 25 267 203.609
27 26 504 750.654
27 27 0 0
27 28 23 33.9448
27 29 534 63.1083
27 30 30 911.456
27 31 41 69.1205
27 32 969 49.3994
27 33 889 18.0752
27 34 96 48.7371
27 35 968 840.958
27 36 499 72.8834
27 37 970 54.2671
27 38 602 271.391
27 39 975 919.97
27 40 552 514.044
27 41 731 205.898
27 42 755 963.948
27 43 688 911.517
27 44 153 463.536
27 45 977 875.017
27 46 161 90.0562
27 47 722 846.299
27 48 894 665.69
27 49 543 921.344
27 50 373 404.543
27 51 890 91.2342
27 52 503 850.51
27 53 35 994.558
27 54 134 935.535
27 55 605 57.3708
27 56 877 495.092
27 57 662 37.7505
27 58 689 82.3319
27 59 459 105.242
27 60 412 520.544
28 1 344 42.8257
28 2 310 735.639
28 3 646 96.6726
28 4 651 459.934
28 5 171 123.254
28 6 573 98.229
28 7 660 57.0077
28 8 974 65.562
28 9 702 785.262
28 10 690 75.6575
28 11 25 64.3901
28 12 531 824.661
28 13 198 92.9707
28 14 190 527.319
28 15 329 138.544
28 16 275 351.319
28 17 8 29.3457
28 18 424 358.949
28 19 165 78.5751
28 20 154 125.268
28 21 322 889.574
28 22 403 88.9697
28 23 860 796.431
28 24 402 63.4135
28 25 251 80.1559
28 26 224 64.1917
28 27 148 101.778
28 28 0 0
28 29 733 84.9321
28 30 992 93.1538
28 31 663 441.654
28 32 352 60.3067
28 33 785 35.3731
28 34 977 65.5406
28 35 497 24.1728
28 36 765 82.8324
28 37 776 79.0512
28 38 196 16.9216
28 39 609 847.794
28 40 488 36.9082
28 41 847 45.0475
28 42 8 670.054
28 43 108 50.5316
28 44 123 521.673
28 45 766 42.8776
28 46 765 21.5635
28 47 614 61.7045
28 48 640 46.1888
28 49 929 90.7581
28 50 26 716.198
28 51 238 258.909
28 52 581 33.5939
28 53 934 445.072
28 54 775 68.2232
28 55 571 56.3881
28 56 169 42.609
28 57 64 278.563
28 58 21 103.21
28 59 576 78.1753
28 60 85 83.6076
29 1 802 35.1045
29 2 507 84.3156
29 3 638 664.317
29 4 959 67.8936
29 5 463 78.9566
29 6 66 61.0147
29 7 441 46.436
29 8 764 641.794
29 9 312 80.4184
29 10 35 744.55
29 11 748 677.013
29 12 981 650.858
29 13 415 21.6672
29 14 192 568.763
29 15 88 302.55
29 16 219 880.632
29 17 491 84.7337
29 18 617 388.704
29 19 474 439.395
29 20 173 109.094
29 21 732 68.8397
29 22 120 788.893
29 23 956 70.5701
29 24 850 905.749
29 25 913 833.756
29 26 775 73.3259
29 27 503 98.7173
29 28 434 64.7258
29 29 0 0
29 30 535 26.2664
29 31 256 81.5934
29 32 542 530.463
29 33 266 449.1
29 34 181 55.6923
29 35 342 76.5456
29 36 758 10.824
29 37 305 782.546
29 38 429 16.9674
29 39 155 656.321
29 40 300 399.386
29 41 36 103.927
29 42 348 106.539
29 43 129 65.1378
29 44 158 98.8211
29 45 305 50.4492
29 46 244 108.88
29 47 309 99.2361
29 48 870 894.487
29 49 826 594.399
29 50 665 312.438
29 51 841 610.085
29 52 75 21.9633
29 53 817 91.1304
29 54 107 461.064
29 55 593 104.357
29 56 778 315.765
29 57 411 990.407
29 58 355 31.3324
29 59 97 312.957
29 60 981 71.7145
30 1 376 107.217
30 2 137 46.6649
30 3 85 34.9153
30 4 786 24.9236
30 5 98 453.617
30 6 548 46.4696
30 7 465 100.78
30 8 22 401.675
30 9 444 18.2644
30 10 475 687.084
30 11 307 584.023
30 12 243 1003.93
30 13 766 101.897
30 14 91 489.659
30 15 286 628.091
30 16 239 19.4852
30 17 502 88.5272
30 18 872 23.2481
30 19 560 35.7576
30 20 542 62.8489
30 21 481 62.2874
30 22 761 85.7622
30 23 822 51.7249
30 24 185 313.568
30 25 402 34.9031
30 26 678 29.4189
30 27 198 898.394
30 28 912 26.8157
30 29 426 721.325
30 30 0 0
30 31 645 309.051
30 32 46 527.838
30 33 950 38.3242
30 34 121 62.9252
30 35 157 71.861
30 36 852 98.403
30 37 748 100.316
30 38 245 82.573
30 39 778 60.3433
30 40 213 445.713
30 41 200 994.008
30 42 449 924.304
30 43 593 835.922
30 44 731 69.6026
30 45 821 83.6259
30 46 160 755.506
30 47 101 793.959
30 48 609 78.9322
30 49 14 26.1718
30 50 554 51.4838
30 51 339 84.4865
30 52 664 308.654
30 53 431 45.3221
30 54 974 472.172
30 55 442 50.7483
30 56 543 22.3875
30 57 268 634.287
30 58 633 33.9906
30 59 342 657.633
30 60 903 55.79
31 1 414 197.841
31 2 847 31.6163
31 3 54 55.9426
31 4 525 96.0652
31 5 586 612.405
31 6 975 563.24
31 7 620 470.982
31 8 884 22.9124
31 9 715 714.398
31 10 395 565.284
31 11 788 103.344
31 12 986 97.1059
31 13 682 255.918
31 14 193 17.8738
31 15 48 96.1721
31 16 618 35.7271
31 17 828 105.605
31 18 684 509.649
31 19 363 104.635
31 20 802 27.597
31 21 740 254.819
31 22 551 341.034
31 23 419 64.1704
31 24 22 1004.66
31 25 482 278.624
31 26 355 18.4658
31 27 724 87.9748
31 28 821 76.9973
31 29 412 585.426
31 30 391 57.0717
31 31 0 0
31 32 194 77.2475
31 33 891 75.2852
31 34 115 59.0738
31 35 952 538.916
31 36 206 846.177
31 37 807 67.0421
31 38 688 47.1258
31 39 113 795.15
31 40 53 90.7886
31 41 654 74.922
31 42 520 729.23
31 43 725 12.7192
31 44 388 256.223
31 45 480 501.897
31 46 557 929.401
31 47 258 803.603
31 48 71 171.138
31 49 145 65.1225
31 50 366 784.133
31 51 825 26.8523
31 52 908 576.149
31 53 403 155.177
31 54 833 791.426
31 55 524 987.935
31 56 626 329.926
31 57 18 366.609
31 58 415 975.85
31 59 999 107.897
31 60 439 136.286
32 1 72 76.1641
32 2 704 49.5215
32 3 194 23.7974
32 4 603 26.0985
32 5 794 640.177
32 6 928 622.018
32 7 438 68.974
32 8 614 39.4259
32 9 924 64.2405
32 10 522 677.684
32 11 350 47.2112
32 12 488 387.697
32 13 921 36.5358
32 14 771 12.942
32 15 505 540.107
32 16 273 66.4653
32 17 61 242.551
32 18 609 37.5887
32 19 870 692.546
32 20 399 23.2176
32 21 703 97.1181
32 22 388 102.563
32 23 862 74.5405
32 24 656 87.4071
32 25 777 330.322
32 26 869 58.9975
32 27 840 215.847
32 28 744 93.2942
32 29 947 793.776
32 30 262 101.729
32 31 770 649.973
32 32 0 0
32 33 612 450.84
32 34 7 371.4
32 35 90 190.425
32 36 668 78.6056
32 37 439 13.6836
32 38 229 80.3116
32 39 773 76.9332
32 40 633 34.5064
32 41 605 239.926
32 42 347 42.8135
32 43 278 860.826
32 44 448 96.7672
32 45 157 486.852
32 46 590 964.863
32 47 156 59.8032
32 48 960 21.9633
32 49 492 552.741
32 50 860 78.3615
32 51 14 884.996
32 52 355 87.5628
32 53 735 224.026
32 54 829 386.965
32 55 622 69.4745
32 56 333 82.9881
32 57 183 241.91
32 58 895 18.1027
32 59 656 380.251
32 60 581 281.432
33 1 523 101.516
33 2 393 93.1477
33 3 599 47.6598
33 4 787 56.8764
33 5 82 451.328
33 6 475 78.7979
33 7 280 453.22
33 8 147 505.773
33 9 544 35.483
33 10 492 44.1136
33 11 418 805.038
33 12 585 34.7566
33 13 931 67.0727
33 14 772 23.5319
33 15 541 571.022
33 16 502 241.483
33 17 565 452.976
33 18 84 861.222
33 19 674 779.311
33 20 642 337.036
33 21 443 46.5795
33 22 139 19.1861
33 23 411 57.2427
33 24 987 60.9171
33 25 591 887.194
33 26 346 626.199
33 27 572 755.262
33 28 797 22.7689
33 29 882 142.817
33 30 787 56.324
33 31 857 80.3299
33 32 930 847.519
33 33 0 0
33 34 453 101.992
33 35 317 31.1432
33 36 81 388.735
33 37 500 782.759
33 38 578 88.6157
33 39 619 226.224
33 40 75 564.216
33 41 841 68.8092
33 42 493 90.1019
33 43 863 27.0019
33 44 175 44.434
33 45 599 266.233
33 46 928 87.5353
33 47 336 92.8059
33 48 127 729.962
33 49 784 92.9585
33 50 487 74.4978
33 51 740 254.27
33 52 335 278.838
33 53 592 245.847
33 54 416 760.42
33 55 458 370.454
33 56 602 421.359
33 57 677 735.669
33 58 911 72.328
33 59 991 39.2703
33 60 590 799.972
34 1 374 460.941
34 2 32 30.1147
34 3 853 169.032
34 4 370 61.3321
34 5 15 107.314
34 6 758 33.1697
34 7 967 89.162
34 8 910 749.86
34 9 308 775.557
34 10 178 93.4956
34 11 952 27.7435
34 12 507 530.981
34 13 829 813.491
34 14 135 79.277
34 15 836 981.709
34 16 900 55.3688
34 17 537 93.6207
34 18 821 93.3827
34 19 703 102.657
34 20 12 63.0473
34 21 510 444.095
34 22 132 493.016
34 23 645 68.0065
34 24 529 30.3375
34 25 640 50.5103
34 26 819 954.334
34 27 747 58.6465
34 28 313 21.5452
34 29 208 77.391
34 30 376 995.321
34 31 252 276.64
34 32 803 765.943
34 33 136 227.963
34 34 0 0
34 35 802 79.2526
34 36 558 526.861
34 37 17 35.7881
34 38 300 163.691
34 39 700 36.6305
34 40 734 606.088
34 41 60 67.3138
34 42 707 577.003
34 43 620 82.3746
34 44 281 55.9059
34 45 535 642.282
34 46 902 28.1585
34 47 285 107.867
34 48 590 694.469
34 49 528 14.0864
34 50 521 468.907
34 51 185 36.7312
34 52 368 70.7318
34 53 331 486.73
34 54 696 233.548
34 55 978 398.44
34 56 568 56.086
34 57 889 66.0961
34 58 876 50.7819
34 59 410 736.615
34 60 227 47.2082
35 1 737 599.007
35 2 78 18.9114
35 3 705 62.7512
35 4 528 564.338
35 5 189 461.552
35 6 483 95.3298
35 7 175 49.378
35 8 198 64.1307
35 9 15 54.7707
35 10 961 36.075
35 11 745 480.748
35 12 531 815.353
35 13 588 80.9861
35 14 681 213.253
35 15 688 299.621
35 16 319 70.4724
35 17 48 55.8266
35 18 190 15.1332
35 19 495 83.8517
35 20 283 412.722
35 21 540 90.4834
35 22 461 512.06
35 23 717 22.8361
35 24 196 80.3146
35 25 686 334.107
35 26 374 792.708
35 27 243 833.939
35 28 493 655.253
35 29 359 120.874
35 30 410 733.258
35 31 71 417.605
35 32 28 212.49
35 33 689 552.741
35 34 350 802.016
35 35 0 0
35 36 818 855.302
35 37 972 42.8379
35 38 730 476.384
35 39 839 697.765
35 40 559 633.096
35 41 668 99.3277
35 42 579 36.7647
35 43 510 592.171
35 44 860 42.3252
35 45 182 85.6066
35 46 862 95.7326
35 47 470 616.738
35 48 356 70.86
35 49 538 91.4447
35 50 327 860.215
35 51 996 687.114
35 52 358 18.3407
35 53 59 387.27
35 54 424 235.776
35 55 759 34.955
35 56 231 10.0702
35 57 347 713.024
35 58 835 21.9205
35 59 609 112.42
35 60 415 38.3395
36 1 619 57.9751
36 2 963 413.668
36 3 684 83.6869
36 4 570 838.822
36 5 38 16.8026
36 6 219 106.854
36 7 32 59.0677
36 8 908 575.386
36 9 183 927.692
36 10 490 27.13
36 11 884 968.403
36 12 178 239.743
36 13 696 98.9889
36 14 15 78.2394
36 15 172 822.037
36 16 982 343.415
36 17 261 104.11
36 18 793 450.901
36 19 106 71.5986
36 20 186 297.759
36 21 777 954.395
36 22 882 950.672
36 23 264 739.606
36 24 896 165.705
36 25 207 11.5046
36 26 52 66.5203
36 27 374 99.1659
36 28 665 109.936
36 29 348 762.251
36 30 699 28.9947
36 31 943 589.974
36 32 412 39.194
36 33 131 84.0135
36 34 268 87.1172
36 35 321 84.0471
36 36 0 0
36 37 489 373.079
36 38 49 25.302
36 39 533 23.9622
36 40 772 988.698
36 41 902 44.5775
36 42 210 90.7276
36 43 311 728.436
36 44 554 90.8496
36 45 913 604.409
36 46 76 60.4563
36 47 393 48.3038
36 48 273 15.0661
36 49 86 14.1993
36 50 27 19.6438
36 51 606 192.989
36 52 414 107.589
36 53 322 475.621
36 54 477 517.035
36 55 385 24.3498
36 56 114 295.653
36 57 176 22.8971
36 58 535 97.936
36 59 535 875.841
36 60 521 62.4705
37 1 307 780.531
37 2 327 75.2303
37 3 661 24.5421
37 4 793 28.8299
37 5 964 416.018
37 6 124 959.004
37 7 387 42.6304
37 8 40 103.2
37 9 838 924.457
37 10 612 39.8013
37 11 1 71.0462
37 12 394 546.119
37 13 696 97.5668
37 14 85 648.6
37 15 880 51.0474
37 16 346 38.7667
37 17 995 72.8956
37 18 965 376.924
37 19 642 47.846
37 20 318 814.682
37 21 116 12.0966
37 22 950 86.7174
37 23 302 597.298
37 24 704 43.7596
37 25 330 91.1792
37 26 141 77.1072
37 27 438 25.3722
37 28 770 838.486
37 29 459 30.8045
37 30 530 699.596
37 31 835 961.628
37 32 442 161.433
37 33 331 59.1684
37 34 941 96.0958
37 35 35 886.064
37 36 983 638.712
37 37 0 0
37 38 999 31.3233
37 39 215 15.8077
37 40 744 973.469
37 41 51 425.723
37 42 209 101.818
37 43 951 109.985
37 44 685 226.681
37 45 58 859.208
37 46 459 97.5454
37 47 519 30.9174
37 48 892 95.3816
37 49 10 45.1726
37 50 8 786.452
37 51 358 86.2871
37 52 922 29.9652
37 53 684 108.691
37 54 984 883.653
37 55 487 185.298
37 56 495 948.688
37 57 849 268.492
37 58 364 62.7238
37 59 874 36.1422
37 60 567 104.772
38 1 633 257.444
38 2 515 639.017
38 3 433 331.512
38 4 454 437.808
38 5 400 78.0807
38 6 267 881.639
38 7 982 502.203
38 8 291 563.423
38 9 210 12.5544
38 10 179 43.2469
38 11 164 70.7227
38 12 75 45.8135
38 13 585 212.155
38 14 848 350.861
38 15 51 51.1542
38 16 577 17.5289
38 17 868 11.0468
38 18 326 106.896
38 19 208 482.945
38 20 892 75.2547
38 21 323 96.2697
38 22 961 11.1292
38 23 309 644.541
38 24 553 75.8956
38 25 153 926.44
38 26 643 244.504
38 27 773 45.197
38 28 273 313.323
38 29 210 30.2155
38 30 463 44.4127
38 31 611 769.331
38 32 462 793.013
38 33 509 848.252
38 34 151 669.2
38 35 627 817.123
38 36 905 690.868
38 37 451 102.798
38 38 0 0
38 39 531 25.0273
38 40 305 326.355
38 41 831 640.451
38 42 344 241.605
38 43 210 51.3923
38 44 482 302.459
38 45 660 106.713
38 46 666 30.8014
38 47 53 78.0319
38 48 32 44.2479
38 49 135 68.449
38 50 569 528.723
38 51 937 42.2977
38 52 65 63.9964
38 53 968 724.377
38 54 86 598.885
38 55 141 93.9106
38 56 242 68.0309
38 57 15 94.9757
38 58 919 328.613
38 59 244 86.9372
38 60 929 581.337
39 1 110 62.8672
39 2 937 63.8499
39 3 252 62.5895
39 4 121 312.225
39 5 41 29.8431
39 6 311 40.2744
39 7 839 607.217
39 8 785 344.635
39 9 852 888.536
39 10 371 624.338
39 11 121 19.8941
39 12 367 85.9911
39 13 749 94.1243
39 14 131 77.5344
39 15 227 23.8951
39 16 665 106.606
39 17 91 12.8443
39 18 574 266.355
39 19 543 975.575
39 20 77 35.8248
39 21 670 433.658
39 22 311 289
39 23 205 46.787
39 24 450 77.6595
39 25 216 107.598
39 26 121 30.4871
39 27 28 306.731
39 28 110 95.4823
39 29 19 24.6886
39 30 580 335.053
39 31 211 185.237
39 32 522 36.3833
39 33 717 253.324
39 34 208 64.3626
39 35 10 96.7214
39 36 3 78.3828
39 37 849 24.0385
39 38 663 759.107
39 39 0 0
39 40 860 87.2851
39 41 955 258.543
39 42 895 106.979
39 43 264 377.656
39 44 927 30.0812
39 45 455 100.564
39 46 837 30.1209
39 47 490 29.1443
39 48 407 32.0222
39 49 354 646.616
39 50 503 66.1449
39 51 381 17.6357
39 52 391 766.92
39 53 203 290.679
39 54 493 563.545
39 55 119 70.2557
39 56 704 17.7029
39 57 170 315.46
39 58 115 74.1896
39 59 510 39.1482
39 60 687 962.33
40 1 537 378.969
40 2 134 30.6305
40 3 842 483.586
40 4 937 190.364
40 5 337 26.0833
40 6 653 95.7265
40 7 221 409.884
40 8 369 703.991
40 9 690 364.076
40 10 893 43.1156
40 11 294 701.733
40 12 693 557.227
40 13 240 14.9593
40 14 553 694.805
40 15 490 731.824
40 16 725 757.459
40 17 922 59.2477
40 18 513 10.6928
40 19 980 30.8747
40 20 893 50.1624
40 21 709 478.856
40 22 113 46.6588
40 23 647 40.3568
40 24 788 24.5909
40 25 25 197.78
40 26 541 226.041
40 27 194 216.915
40 28 357 337.158
40 29 786 10.5402
40 30 387 106.808
40 31 892 43.5734
40 32 300 915.21
40 33 906 78.9871
40 34 696 975.361
40 35 352 718.274
40 36 85 64.4328
40 37 373 67.1093
40 38 791 66.1571
40 39 202 29.5959
40 40 0 0
40 41 314 96.343
40 42 750 51.9141
40 43 111 542.365
40 44 570 61.2711
40 45 90 41.2632
40 46 120 49.4726
40 47 819 545.112
40 48 433 127.008
40 49 337 655.985
40 50 488 101.58
40 51 423 846.36
40 52 571 820.907
40 53 333 55.8296
40 54 337 88.3898
40 55 145 35.6661
40 56 492 57.972
40 57 46 85.5394
40 58 760 423.953
40 59 750 103.442
40 60 374 31.5888
41 1 977 12.6276
41 2 538 61.1582
41 3 830 488.195
41 4 162 741.01
41 5 174 796.004
41 6 970 50.9558
41 7 897 74.2445
41 8 629 47.9467
41 9 519 15.7802
41 10 79 837.998
41 11 243 42.8715
41 12 630 936.695
41 13 947 773.939
41 14 510 74.153
41 15 597 38.1472
41 16 37 164.668
41 17 772 502.721
41 18 829 19.7201
41 19 765 91.341
41 20 502 99.9716
41 21 549 621.988
41 22 936 237.058
41 23 609 558.57
41 24 334 71.4948
41 25 111 29.6631
41 26 527 68.9618
41 27 439 100.182
41 28 293 62.797
41 29 61 83.9372
41 30 151 59.7147
41 31 143 61.3016
41 32 373 169.49
41 33 190 21.3529
41 34 881 725.262
41 35 557 365.632
41 36 242 87.6788
41 37 962 766.554
41 38 80 311.828
41 39 393 83.7358
41 40 371 34.3782
41 41 0 0
41 42 144 552.924
41 43 119 94.2189
41 44 504 101.238
41 45 776 503.179
41 46 30 41.5195
41 47 435 53.9924
41 48 144 533.545
41 49 646 745.069
41 50 194 64.2253
41 51 812 136.53
41 52 543 69.3677
41 53 359 332.52
41 54 192 17.2909
41 55 650 23.4007
41 56 341 38.3944
41 57 285 99.2758
41 58 348 55.4299
41 59 550 102.767
41 60 842 23.9164
42 1 216 47.7056
42 2 154 88.3166
42 3 847 94.1975
42 4 746 13.7599
42 5 846 983.998
42 6 819 569.404
42 7 719 674.113
42 8 224 575.02
42 9 307 688.915
42 10 978 61.0025
42 11 885 10.8393
42 12 999 41.0984
42 13 377 56.4064
42 14 63 95.2901
42 15 372 92.5343
42 16 312 94.7407
42 17 170 712.841
42 18 139 978.169
42 19 52 98.9248
42 20 472 58.4909
42 21 220 103.182
42 22 852 957.386
42 23 968 70.8386
42 24 313 741.132
42 25 461 554.481
42 26 219 108.755
42 27 848 10.7019
42 28 516 474.156
42 29 848 61.0269
42 30 899 110.162
42 31 895 27.9754
42 32 516 673.411
42 33 686 723.034
42 34 460 113.336
42 35 792 29.3701
42 36 741 97.5149
42 37 552 11.9227
42 38 728 375.581
42 39 941 66.1968
42 40 262 95.2199
42 41 557 559.455
42 42 0 0
42 43 117 37.0791
42 44 401 45.2794
42 45 229 68.5986
42 46 159 619.363
42 47 652 97.2219
42 48 167 155.36
42 49 17 459.965
42 50 667 36.9265
42 51 505 80.5008
42 52 490 82.0725
42 53 461 683.116
42 54 225 39.0628
42 55 443 32.5379
42 56 638 92.4793
42 57 82 96.227
42 58 57 640.696
42 59 4 855.82
42 60 807 94.7438
43 1 725 802.077
43 2 783 83.9738
43 3 661 13.4425
43 4 266 771.315
43 5 931 191.188
43 6 384 237.393
43 7 3 457.676
43 8 761 26.4281
43 9 241 683.757
43 10 429 1002.1
43 11 214 66.505
43 12 883 86.8975
43 13 489 754.224
43 14 520 416.69
43 15 396 804.427
43 16 707 193.416
43 17 521 755.445
43 18 797 75.508
43 19 24 526.709
43 20 815 336.487
43 21 212 91.753
43 22 307 822.372
43 23 944 13.9094
43 24 708 331.818
43 25 454 97.701
43 26 68 86.339
43 27 166 934.894
43 28 921 223.935
43 29 868 414.767
43 30 113 562.629
43 31 742 76.8996
43 32 946 45.0597
43 33 490 261.778
43 34 562 269.56
43 35 960 198.421
43 36 814 784.59
43 37 640 28.067
43 38 548 109.322
43 39 928 19.5218
43 40 899 56.9283
43 41 286 46.2896
43 42 588 109.46
43 43 0 0
43 44 612 232.022
43 45 96 90.1447
43 46 191 64.9486
43 47 676 27.5237
43 48 717 46.7779
43 49 19 10.4852
43 50 12 144.251
43 51 83 108.276
43 52 258 743.39
43 53 77 14.9074
43 54 105 92.873
43 55 226 868.211
43 56 928 11.5198
43 57 499 83.6198
43 58 957 26.6601
43 59 493 718.243
43 60 189 72.569
44 1 823 47.0373
44 2 69 65.7695
44 3 927 28.7963
44 4 742 19.5828
44 5 975 94.3074
44 6 561 20.8676
44 7 761 25.4515
44 8 398 62.4827
44 9 139 57.8164
44 10 435 103.109
44 11 676 108.972
44 12 266 866.349
44 13 413 490.544
44 14 844 163.325
44 15 709 98.5403
44 16 995 441.928
44 17 117 43.198
44 18 505 367.555
44 19 833 695.873
44 20 802 819.015
44 21 314 988.088
44 22 229 668.437
44 23 449 390.23
44 24 474 60.0504
44 25 160 24.9815
44 26 912 24.3437
44 27 48 849.198
44 28 746 30.9174
44 29 487 673.839
44 30 400 99.3307
44 31 956 98.9584
44 32 720 948.871
44 33 104 54.7707
44 34 790 311.157
44 35 281 42.0627
44 36 206 105.132
44 37 670 41.3822
44 38 779 100.948
44 39 900 925.586
44 40 311 13.7538
44 41 827 38.6813
44 42 492 492.925
44 43 519 20.2329
44 44 0 0
44 45 865 17.2481
44 46 112 236.112
44 47 811 546.912
44 48 184 41.7362
44 49 401 42.1512
44 50 625 28.9489
44 51 111 49.3078
44 52 519 685.649
44 53 331 477.452
44 54 704 930.194
44 55 398 515.234
44 56 200 14.1627
44 57 224 92.7601
44 58 25 631.662
44 59 161 30.2887
44 60 190 103.936
45 1 341 82.8263
45 2 895 470.921
45 3 144 699.627
45 4 249 57.8103
45 5 936 516.79
45 6 438 24.4139
45 7 751 406.71
45 8 753 74.0858
45 9 685 20.9134
45 10 480 418.094
45 11 984 491.918
45 12 371 53.9924
45 13 769 761.701
45 14 675 781.599
45 15 458 76.805
45 16 156 132.929
45 17 462 626.565
45 18 99 400.332
45 19 10 296.905
45 20 45 86.9158
45 21 144 14.8677
45 22 589 45.905
45 23 0 256.864
45 24 590 797.896
45 25 495 32.3762
45 26 132 314.514
45 27 669 24.3162
45 28 814 577.278
45 29 333 85.5425
45 30 776 623.727
45 31 459 32.9438
45 32 322 96.7367
45 33 777 31.0791
45 34 12 23.9927
45 35 245 479.375
45 36 876 60.6607
45 37 748 13.0519
45 38 782 741.742
45 39 983 48.7066
45 40 942 84.5018
45 41 851 72.9383
45 42 77 437.442
45 43 408 103.524
45 44 439 41.0068
45 45 0 0
45 46 118 733.716
45 47 166 669.81
45 48 366 19.946
45 49 389 759.443
45 50 448 902.575
45 51 383 323.791
45 52 730 55.7717
45 53 964 30.7831
45 54 736 812.728
45 55 120 108.202
45 56 942 51.3526
45 57 391 582.13
45 58 910 58.9761
45 59 607 270.811
45 60 891 42.197
46 1 876 973.805
46 2 664 365.998
46 3 36 441.44
46 4 959 236.783
46 5 141 41.0526
46 6 470 836.563
46 7 493 46.9549
46 8 918 52.7656
46 9 213 69.0503
46 10 805 23.245
46 11 474 12.6948
46 12 296 69.6179
46 13 936 145.807
46 14 265 199.428
46 15 572 42.96
46 16 978 75.978
46 17 78 49.8633
46 18 902 51.2
46 19 762 844.986
46 20 489 27.1453
46 21 41 68.6108
46 22 263 93.578
46 23 732 1003.32
46 24 883 48.5022
46 25 485 35.8583
46 26 727 814.01
46 27 619 45.5968
46 28 319 85.3899
46 29 56 58.4237
46 30 80 30.8594
46 31 505 584.877
46 32 840 17.2665
46 33 451 74.3971
46 34 978 742.627
46 35 110 546.485
46 36 357 107.986
46 37 903 58.0819
46 38 189 37.6406
46 39 59 484.715
46 40 77 50.7422
46 41 740 496.892
46 42 26 73.1092
46 43 370 415.622
46 44 40 139.276
46 45 918 32.2205
46 46 0 0
46 47 70 1008.14
46 48 837 82.8629
46 49 320 337.189
46 50 833 75.8681
46 51 935 833.084
46 52 375 346.894
46 53 712 15.9572
46 54 264 153.437
46 55 540 101.281
46 56 49 91.9117
46 57 613 695.812
46 58 864 17.5045
46 59 871 314.3
46 60 94 103.484
47 1 988 273.833
47 2 978 98.6227
47 3 326 95.461
47 4 265 698.864
47 5 684 717.511
47 6 401 436.923
47 7 609 11.9776
47 8 285 64.68
47 9 661 64.7197
47 10 585 44.1868
47 11 358 802.566
47 12 261 446.628
47 13 792 76.2557
47 14 417 545.6
47 15 299 276.274
47 16 6 49.9701
47 17 416 97.289
47 18 258 329.376
47 19 530 89.5373
47 20 882 904.711
47 21 448 99.0347
47 22 729 43.3384
47 23 771 229.489
47 24 902 371.614
47 25 398 730.603
47 26 162 848.191
47 27 726 22.1403
47 28 838 899.035
47 29 688 35.8248
47 30 462 56.8978
47 31 959 68.6566
47 32 376 42.8654
47 33 421 730.481
47 34 342 14.6388
47 35 855 443.424
47 36 159 711.193
47 37 823 829.971
47 38 72 548.011
47 39 327 393.312
47 40 298 33.6518
47 41 423 808.883
47 42 721 86.3573
47 43 983 23.8371
47 44 484 99.2788
47 45 600 552.985
47 46 540 103.851
47 47 0 0
47 48 248 93.6634
47 49 900 707.409
47 50 168 59.4644
47 51 419 658.732
47 52 566 95.2474
47 53 8 764.448
47 54 843 68.3331
47 55 893 45.1207
47 56 697 51.1847
47 57 687 271.452
47 58 58 902.575
47 59 167 109.338
47 60 621 109.069
48 1 364 390.139
48 2 107 38.1777
48 3 277 855.363
48 4 984 106.5
48 5 674 40.3842
48 6 634 78.2119
48 7 586 23.9348
48 8 995 491.887
48 9 60 376.497
48 10 48 294.86
48 11 142 618.814
48 12 940 12.0142
48 13 332 63.6119
48 14 274 350.953
48 15 873 62.2019
48 16 962 618.631
48 17 479 23.6814
48 18 661 801.009
48 19 814 313.69
48 20 770 27.1972
48 21 23 24.3193
48 22 47 54.3556
48 23 353 43.7962
48 24 913 981.892
48 25 890 99.053
48 26 377 931.598
48 27 92 56.9069
48 28 738 71.2781
48 29 753 554.939
48 30 443 104.76
48 31 199 848.191
48 32 217 590.889
48 33 331 187.099
48 34 31 227.078
48 35 486 25.5034
48 36 209 795.028
48 37 947 88.2952
48 38 187 58.8388
48 39 944 255.888
48 40 194 16.8148
48 41 904 105.614
48 42 848 35.8156
48 43 5 77.7145
48 44 455 168.635
48 45 556 542.212
48 46 623 600.899
48 47 87 309.6
48 48 0 0
48 49 542 39.1757
48 50 63 128.748
48 51 134 421.603
48 52 885 655.68
48 53 728 23.3366
48 54 789 83.7846
48 55 655 104.989
48 56 805 431.064
48 57 731 58.732
48 58 30 552.009
48 59 153 80.1743
48 60 272 171.443
49 1 421 16.6164
49 2 644 886.888
49 3 618 72.7735
49 4 970 60.8164
49 5 787 493.596
49 6 667 65.8031
49 7 781 90.6177
49 8 138 206.936
49 9 866 52.3383
49 10 604 854.874
49 11 951 270.14
49 12 902 45.3038
49 13 21 801.589
49 14 994 105.578
49 15 639 27.7099
49 16 388 28.714
49 17 920 68.2293
49 18 585 477.727
49 19 958 33.9845
49 20 973 694.927
49 21 92 85.7256
49 22 116 54.4716
49 23 37 297.393
49 24 739 48.5022
49 25 490 71.3208
49 26 599 648.325
49 27 902 12.5056
49 28 5 93.813
49 29 461 273.833
49 30 228 70.4144
49 31 901 10.1617
49 32 16 94.2006
49 33 10 14.7182
49 34 818 88.28
49 35 727 67.3229
49 36 216 55.0453
49 37 794 92.1619
49 38 738 55.7198
49 39 138 17.2146
49 40 455 11.3428
49 41 923 298.034
49 42 500 734.723
49 43 343 909.472
49 44 742 364.167
49 45 396 88.2769
49 46 467 77.0278
49 47 997 86.0247
49 48 962 108.914
49 49 0 0
49 50 815 10.9766
49 51 252 751.844
49 52 543 770.186
49 53 626 27.2887
49 54 98 78.1265
49 55 421 387.209
49 56 384 592.202
49 57 534 44.8643
49 58 393 63.4989
49 59 532 167.842
49 60 477 471.837
50 1 514 53.5652
50 2 269 79.7653
50 3 421 638.437
50 4 811 190.425
50 5 547 74.2048
50 6 273 96.2239
50 7 712 136.469
50 8 922 89.4336
50 9 697 49.6863
50 10 519 258.97
50 11 443 475.194
50 12 49 329.498
50 13 303 505.01
50 14 621 91.8201
50 15 244 91.3807
50 16 91 18.9663
50 17 231 58.7686
50 18 357 713.574
50 19 754 628.824
50 20 730 17.2634
50 21 273 43.9671
50 22 428 345.215
50 23 605 920.001
50 24 490 50.5622
50 25 238 26.4586
50 26 171 32.0832
50 27 755 93.4956
50 28 816 751.05
50 29 840 86.9768
50 30 812 95.3633
50 31 188 86.5923
50 32 380 93.4193
50 33 380 106.634
50 34 606 726.239
50 35 609 92.2687
50 36 4 97.8506
50 37 731 531.317
50 38 715 858.933
50 39 985 25.4973
50 40 739 103.533
50 41 198 427.798
50 42 361 105.102
50 43 508 838.852
50 44 385 23.3915
50 45 184 87.9748
50 46 935 58.4298
50 47 356 75.978
50 48 467 305.419
50 49 465 24.2705
50 50 0 0
50 51 66 757.124
50 52 656 847.275
50 53 501 209.286
50 54 272 100.167
50 55 248 48.789
50 56 371 693.828
50 57 151 31.1035
50 58 417 106.744
50 59 804 336.945
50 60 797 402.804
51 1 669 59.028
51 2 864 38.7729
51 3 555 65.5162
51 4 313 18.826
51 5 923 507.299
51 6 908 99.0225
51 7 573 788.344
51 8 391 60.8438
51 9 760 27.4566
51 10 607 94.5759
51 11 575 386.171
51 12 739 55.3627
51 13 417 431.705
51 14 989 878.435
51 15 144 74.4276
51 16 29 55.1247
51 17 713 48.2336
51 18 244 614.846
51 19 578 798.079
51 20 107 976.521
51 21 823 772.566
51 22 492 258.024
51 23 570 73.7776
51 24 572 11.7731
51 25 976 99.8465
51 26 551 754.133
51 27 499 562.293
51 28 31 103.127
51 29 493 1002.61
51 30 634 804.977
51 31 311 491.765
51 32 60 38.2052
51 33 743 847.458
51 34 221 958.21
51 35 239 75.6911
51 36 401 916.888
51 37 497 597.695
51 38 728 46.8999
51 39 396 97.3959
51 40 432 93.3247
51 41 55 810.226
51 42 855 397.616
51 43 830 854.142
51 44 294 56.8429
51 45 349 56.0311
51 46 672 51.5418
51 47 972 586.525
51 48 400 99.172
51 49 762 222.989
51 50 802 42.4412
51 51 0 0
51 52 228 36.249
51 53 449 69.4043
51 54 54 528.143
51 55 224 98.3023
51 56 270 73.1153
51 57 967 60.8652
51 58 441 958.332
51 59 878 44.2479
51 60 675 254.179
52 1 512 77.6504
52 2 261 44.7728
52 3 619 86.7174
52 4 891 79.8752
52 5 351 400.149
52 6 229 81.3828
52 7 401 30.307
52 8 910 30.7495
52 9 164 169.948
52 10 736 33.072
52 11 194 287.657
52 12 882 62.4308
52 13 227 356.355
52 14 560 720.898
52 15 795 335.327
52 16 726 694.225
52 17 651 811.691
52 18 399 49.1247
52 19 101 641.825
52 20 142 536.841
52 21 146 375.825
52 22 188 15.5239
52 23 50 901.69
52 24 607 481.725
52 25 320 65.8794
52 26 601 380.556
52 27 757 57.2274
52 28 148 61.4115
52 29 137 324.646
52 30 416 483.647
52 31 893 588.265
52 32 10 101.058
52 33 191 109.918
52 34 279 75.511
52 35 51 101.009
52 36 400 62.2507
52 37 847 36.072
52 38 481 86.22
52 39 299 101.055
52 40 891 38.6752
52 41 459 952.045
52 42 118 512.426
52 43 448 202.694
52 44 495 88.1915
52 45 641 432.956
52 46 341 524.878
52 47 387 253.629
52 48 713 369.02
52 49 98 221.951
52 50 47 937.519
52 51 622 1006.89
52 52 0 0
52 53 533 815.567
52 54 325 755.384
52 55 343 71.9861
52 56 356 46.7901
52 57 635 11.1231
52 58 333 43.3262
52 59 448 919.391
52 60 283 44.6568
53 1 614 70.4785
53 2 209 19.6591
53 3 47 890.459
53 4 645 83.9341
53 5 935 12.9756
53 6 427 548.224
53 7 611 84.5872
53 8 243 166.133
53 9 511 39.0231
53 10 324 19.3783
53 11 849 771.132
53 12 987 43.4971
53 13 235 10.5737
53 14 966 513.769
53 15 436 60.5966
53 16 196 49.8053
53 17 52 240.506
53 18 369 562.049
53 19 156 35.8766
53 20 0 143.488
53 21 511 46.2499
53 22 298 71.4032
53 23 549 685.954
53 24 905 99.6054
53 25 377 264.158
53 26 897 568.489
53 27 274 908.77
53 28 960 32.0679
53 29 735 60.7797
53 30 859 44.6568
53 31 427 60.5478
53 32 714 84.3004
53 33 660 762.556
53 34 680 181.667
53 35 709 865.953
53 36 52 61.9791
53 37 459 21.127
53 38 493 58.4329
53 39 704 64.7411
53 40 457 353.913
53 41 551 835.465
53 42 85 755.537
53 43 310 210.751
53 44 409 157.008
53 45 272 516.821
53 46 204 262.235
53 47 25 305.145
53 48 92 93.8649
53 49 720 995.076
53 50 404 888.903
53 51 462 37.0486
53 52 408 402.132
53 53 0 0
53 54 574 31.9733
53 55 668 88.9209
53 56 472 626.23
53 57 344 72.1143
53 58 795 255.521
53 59 582 999.502
53 60 655 175.105
54 1 510 333.771
54 2 603 629.282
54 3 712 993.581
54 4 378 320.953
54 5 754 90.4865
54 6 397 347.962
54 7 109 523.199
54 8 169 46.8633
54 9 747 29.9286
54 10 485 79.5883
54 11 181 597.39
54 12 784 805.953
54 13 750 228.268
54 14 664 15.0233
54 15 339 738.416
54 16 768 59.4949
54 17 149 52.3597
54 18 993 106.356
54 19 749 760.603
54 20 999 101.275
54 21 890 44.666
54 22 324 79.1824
54 23 106 30.5023
54 24 106 25.9124
54 25 28 832.993
54 26 864 497.197
54 27 839 844.01
54 28 930 96.1415
54 29 658 380.098
54 30 794 78.3676
54 31 3 888.933
54 32 388 983.418
54 33 62 967.183
54 34 135 44.9437
54 35 620 68.5681
54 36 988 269.133
54 37 899 591.713
54 38 57 37.2927
54 39 121 760.877
54 40 124 678.325
54 41 930 84.6452
54 42 493 45.5571
54 43 730 75.2821
54 44 81 333.801
54 45 434 440.403
54 46 187 47.3058
54 47 589 31.1097
54 48 590 43.8755
54 49 967 74.7908
54 50 735 68.0767
54 51 91 728.375
54 52 84 28.2653
54 53 61 28.9032
54 54 0 0
54 55 502 538.306
54 56 434 108.822
54 57 170 825.119
54 58 685 645.823
54 59 309 762.464
54 60 660 36.2734
55 1 345 315.734
55 2 55 257.2
55 3 966 10.3845
55 4 80 733.624
55 5 538 25.9307
55 6 544 817.184
55 7 499 485.265
55 8 368 960.529
55 9 955 16.4608
55 10 134 39.3283
55 11 760 10.5799
55 12 475 180.568
55 13 502 38.5989
55 14 514 622.079
55 15 395 703.686
55 16 60 74.2323
55 17 212 425.998
55 18 382 63.7614
55 19 735 1004.81
55 20 172 11.8555
55 21 538 80.8487
55 22 495 719.281
55 23 496 604.592
55 24 699 41.251
55 25 250 81.0196
55 26 869 61.9974
55 27 552 30.3192
55 28 877 352.448
55 29 356 420.016
55 30 73 54.6547
55 31 571 644.48
55 32 658 914.965
55 33 454 72.4805
55 34 534 272.947
55 35 23 182.704
55 36 334 686.656
55 37 329 849.778
55 38 60 106.634
55 39 832 79.1885
55 40 348 13.1953
55 41 821 32.3273
55 42 1 19.827
55 43 443 59.5254
55 44 996 724.408
55 45 855 13.3876
55 46 281 103.597
55 47 376 44.4646
55 48 77 683.788
55 49 801 23.8615
55 50 488 13.5707
55 51 116 657.694
55 52 791 642.008
55 53 834 871.721
55 54 309 100.338
55 55 0 0
55 56 550 282.286
55 57 728 731.305
55 58 311 98.1771
55 59 602 25.4607
55 60 122 966.572
56 1 594 47.9955
56 2 833 406.771
56 3 66 287.413
56 4 356 88.338
56 5 578 55.6679
56 6 536 285.338
56 7 585 344.056
56 8 798 78.8009
56 9 117 557.349
56 10 216 51.2946
56 11 354 103.338
56 12 542 56.7818
56 13 7 950.123
56 14 907 22.2074
56 15 302 39.1513
56 16 696 36.2581
56 17 804 990.804
56 18 663 15.5239
56 19 425 54.3434
56 20 355 984.303
56 21 898 12.1363
56 22 15 43.9122
56 23 601 208.126
56 24 954 605.141
56 25 447 198.879
56 26 631 347.23
56 27 554 103.216
56 28 905 922.503
56 29 80 986.653
56 30 860 96.5139
56 31 572 91.4478
56 32 978 569.587
56 33 738 60.1389
56 34 697 60.9507
56 35 406 65.6902
56 36 567 98.0551
56 37 148 780.257
56 38 185 505.437
56 39 255 38.3578
56 40 11 67.8784
56 41 612 811.325
56 42 281 568.367
56 43 579 71.3392
56 44 467 627.267
56 45 169 951.343
56 46 76 499.761
56 47 91 558.936
56 48 234 349.427
56 49 922 234.342
56 50 637 67.5671
56 51 8 36.6091
56 52 756 37.9641
56 53 326 125.513
56 54 872 656.138
56 55 202 407.412
56 56 0 0
56 57 298 73.1825
56 58 507 58.2894
56 59 473 965.168
56 60 852 100.371
57 1 72 94.5058
57 2 571 151.82
57 3 336 619.272
57 4 883 137.14
57 5 10 41.4737
57 6 132 825.363
57 7 972 86.3573
57 8 783 21.9663
57 9 845 648.63
57 10 311 95.4183
57 11 535 314.331
57 12 848 94.0724
57 13 732 415.347
57 14 836 66.0381
57 15 66 33.661
57 16 989 41.7606
57 17 793 995.687
57 18 180 55.8174
57 19 810 59.5529
57 20 986 372.896
57 21 118 303.863
57 22 903 45.5998
57 23 114 50.0311
57 24 40 104.177
57 25 204 998.952
57 26 911 64.2924
57 27 394 479.558
57 28 186 88.3776
57 29 475 18.3651
57 30 172 106.402
57 31 600 91.6797
57 32 933 342.499
57 33 531 440.982
57 34 770 81.7612
57 35 421 94.4386
57 36 127 636.637
57 37 225 15.5818
57 38 361 81.8955
57 39 842 55.558
57 40 219 216.763
57 41 869 90.1538
57 42 692 883.287
57 43 803 60.2609
57 44 461 650.98
57 45 387 269.255
57 46 172 612.557
57 47 276 699.749
57 48 322 773.604
57 49 831 54.9751
57 50 829 79.5517
57 51 827 75.038
57 52 89 230.466
57 53 302 235.318
57 54 666 104.287
57 55 894 426.7
57 56 632 51.4563
57 57 0 0
57 58 130 96.1751
57 59 653 56.4492
57 60 686 10.061
58 1 312 455.875
58 2 774 817.855
58 3 706 83.8365
58 4 483 314.666
58 5 931 23.9134
58 6 802 16.2654
58 7 461 46.0912
58 8 409 18.1942
58 9 688 763.105
58 10 984 24.7801
58 11 912 70.741
58 12 954 173.488
58 13 452 475.346
58 14 519 154.383
58 15 130 24.8564
58 16 981 682.048
58 17 444 32.6112
58 18 519 86.3329
58 19 533 46.2224
58 20 311 54.084
58 21 112 85.1061
58 22 470 927.478
58 23 591 520.605
58 24 160 366.365
58 25 66 61.4939
58 26 553 774.397
58 27 732 218.289
58 28 937 853.379
58 29 72 44.7911
58 30 630 698.772
58 31 233 535.346
58 32 932 31.1676
58 33 294 47.8552
58 34 298 29.2785
58 35 972 66.8468
58 36 683 18.2614
58 37 392 75.0533
58 38 838 173.701
58 39 339 895.006
58 40 373 624.704
58 41 206 95.2992
58 42 766 58.6923
58 43 802 63.2243
58 44 350 756.361
58 45 321 104.891
58 46 411 57.3617
58 47 450 25.7353
58 48 373 27.5634
58 49 174 14.413
58 50 328 17.1566
58 51 734 102.996
58 52 499 304.443
58 53 377 792.22
58 54 564 338.013
58 55 688 77.2628
58 56 689 806.869
58 57 68 555.885
58 58 0 0
58 59 832 82.9087
58 60 916 41.9834
59 1 667 190.059
59 2 519 569.099
59 3 377 39.2093
59 4 83 13.4913
59 5 556 95.641
59 6 171 58.2955
59 7 271 168.177
59 8 667 97.3043
59 9 529 105.767
59 10 730 609.872
59 11 861 28.891
59 12 621 269.316
59 13 929 61.6617
59 14 650 188.961
59 15 707 510.656
59 16 415 30.1239
59 17 764 354.615
59 18 74 21.713
59 19 202 72.685
59 20 155 543.189
59 21 595 167.72
59 22 51 459.263
59 23 599 879.35
59 24 120 62.5529
59 25 327 43.6192
59 26 235 92.1162
59 27 940 75.1875
59 28 792 70.3198
59 29 70 946.491
59 30 271 61.912
59 31 146 94.405
59 32 635 104.98
59 33 131 30.777
59 34 847 160.243
59 35 474 534.949
59 36 82 796.981
59 37 829 479.71
59 38 471 66.6454
59 39 37 25.4973
59 40 854 82.6951
59 41 434 580.36
59 42 539 22.653
59 43 602 634.348
59 44 434 70.9638
59 45 541 74.2903
59 46 938 899.981
59 47 991 157.74
59 48 734 107.842
59 49 628 47.9864
59 50 367 93.6055
59 51 747 482.976
59 52 270 16.5859
59 53 574 553.809
59 54 268 712.048
59 55 235 383.18
59 56 171 143.122
59 57 749 943.042
59 58 984 544.44
59 59 0 0
59 60 459 99.0744
60 1 256 60.6272
60 2 503 62.1073
60 3 179 64.6709
60 4 159 40.2103
60 5 904 25.3874
60 6 842 998.769
60 7 727 47.7422
60 8 529 37.1889
60 9 559 159.297
60 10 104 46.7779
60 11 514 352.662
60 12 829 26.5288
60 13 126 96.1476
60 14 353 24.008
60 15 818 786.177
60 16 754 108.74
60 17 891 31.7933
60 18 912 640.055
60 19 551 61.1795
60 20 227 101.821
60 21 40 98.3999
60 22 304 65.4979
60 23 496 47.7789
60 24 639 922.168
60 25 427 80.1437
60 26 15 50.6812
60 27 271 979.176
60 28 493 340.851
60 29 894 33.0964
60 30 107 83.3177
60 31 791 680.888
60 32 419 87.5781
60 33 952 751.874
60 34 499 87.7001
60 35 248 656.962
60 36 655 212.734
60 37 572 502.599
60 38 9 876.573
60 39 79 225.888
60 40 423 458.683
60 41 825 74.6168
60 42 206 658
60 43 876 53.1471
60 44 462 712.597
60 45 442 76.4052
60 46 325 31.5522
60 47 670 60.0687
60 48 519 836.594
60 49 551 532.477
60 50 595 99.5779
60 51 994 73.4083
60 52 374 843.247
60 53 212 69.4531
60 54 543 864.122
60 55 165 430.881
60 56 508 885.82
60 57 81 552.161
60 58 934 146.387
60 59 766 333.649
60 60 0 0
283
202
458
434
20
455
442
325
5
0
132
146
387
63
344
163
79
463
384
475
302
494
392
433
3
289
146
51
421
201
229
265
190
123
50
483
467
76
325
373
389
134
341
193
374
193
262
294
140
93
457
363
343
10
121
26
338
377
69
494
