29
0.75
1 1 0 0
1 2 853 766.035
1 3 218 100.976
1 4 723 98.3816
1 5 518 85.457
1 6 60 79.1244
1 7 592 22.6682
1 8 8 484.563
1 9 747 659.312
1 10 411 415.499
1 11 6 67.4664
1 12 260 64.6587
1 13 583 46.0515
1 14 43 707.378
1 15 451 156.397
1 16 406 527.594
1 17 206 466.648
1 18 103 13.7446
1 19 868 537.268
1 20 942 39.783
1 21 494 337.433
1 22 732 131.403
1 23 141 66.7858
1 24 387 93.1324
1 25 592 889.971
1 26 266 708.477
1 27 27 13.9613
1 28 358 785.414
1 29 780 731.152
2 1 474 279.021
2 2 0 0
2 3 626 933.887
2 4 751 842.514
2 5 340 55.5336
2 6 601 755.231
2 7 378 712.628
2 8 407 62.1073
2 9 325 956.44
2 10 780 76.8111
2 11 79 72.0289
2 12 623 83.7358
2 13 235 379.976
2 14 269 85.1061
2 15 536 48.4594
2 16 239 55.2071
2 17 132 53.0586
2 18 709 71.1896
2 19 406 286.04
2 20 65 395.693
2 21 263 40.6131
2 22 82 991.689
2 23 361 143.793
2 24 687 10.5737
2 25 645 53.2234
2 26 26 336.762
2 27 15 28.7902
2 28 170 700.298
2 29 167 224.118
3 1 953 73.4968
3 2 509 215.512
3 3 0 0
3 4 333 50.1227
3 5 474 107.467
3 6 88 775.404
3 7 59 102.044
3 8 98 720.959
3 9 888 367.585
3 10 816 28.7109
3 11 306 224.606
3 12 131 536.322
3 13 520 100.454
3 14 118 12.4506
3 15 633 12.0508
3 16 52 45.3801
3 17 73 34.6284
3 18 958 60.2823
3 19 488 51.2732
3 20 967 54.911
3 21 978 85.4723
3 22 349 398.043
3 23 907 95.7723
3 24 816 79.5547
3 25 316 784.071
3 26 906 61.4695
3 27 570 19.0732
3 28 707 564.613
3 29 883 666.697
4 1 430 1005.06
4 2 815 68.8549
4 3 155 942.585
4 4 0 0
4 5 650 90.636
4 6 556 30.3894
4 7 481 20.6052
4 8 109 316.711
4 9 758 576.515
4 10 290 142.572
4 11 545 34.6803
4 12 76 105.532
4 13 885 55.9853
4 14 568 30.5481
4 15 891 63.4928
4 16 671 73.4663
4 17 904 13.0976
4 18 736 163.752
4 19 790 105.81
4 20 280 557.288
4 21 757 841.751
4 22 232 48.8806
4 23 798 459.782
4 24 429 954.884
4 25 538 277.556
4 26 213 12.0753
4 27 360 289.824
4 28 757 219.54
4 29 694 62.4277
5 1 657 106.344
5 2 216 92.1741
5 3 236 767.714
5 4 585 303.497
5 5 0 0
5 6 350 57.2671
5 7 791 76.6005
5 8 895 619.668
5 9 615 61.5763
5 10 683 55.8754
5 11 560 557.655
5 12 279 979.146
5 13 400 95.9737
5 14 990 91.8567
5 15 284 15.707
5 16 200 75.6148
5 17 891 25.6743
5 18 875 43.0363
5 19 219 612.771
5 20 481 83.7388
5 21 51 60.9171
5 22 556 45.5419
5 23 974 69.4806
5 24 658 29.7455
5 25 177 301.025
5 26 322 53.9955
5 27 299 41.782
5 28 521 109.484
5 29 771 770.491
6 1 804 51.1115
6 2 455 56.2081
6 3 349 44.6416
6 4 957 511.816
6 5 981 71.0065
6 6 0 0
6 7 290 88.1579
6 8 719 68.4521
6 9 599 426.669
6 10 219 22.299
6 11 542 857.774
6 12 774 439.365
6 13 799 492.711
6 14 581 869.249
6 15 401 377.931
6 16 578 12.2004
6 17 15 1008.63
6 18 53 187.618
6 19 61 13.6531
6 20 116 570.289
6 21 929 63.4013
6 22 855 508.001
6 23 885 48.8592
6 24 700 98.2168
6 25 153 40.3629
6 26 753 845.322
6 27 962 633.798
6 28 371 850.205
6 29 916 28.3538
7 1 492 878.862
7 2 165 880.113
7 3 890 820.633
7 4 951 18.9175
7 5 186 46.6497
7 6 304 865.403
7 7 0 0
7 8 123 191.127
7 9 57 103.304
7 10 472 104.687
7 11 984 55.6313
7 12 287 26.071
7 13 621 891.405
7 14 725 782.973
7 15 557 102.563
7 16 471 765.669
7 17 866 22.8849
7 18 908 37.131
7 19 92 53.5804
7 20 495 265.196
7 21 301 918.689
7 22 440 57.0229
7 23 547 411.746
7 24 768 80.8335
7 25 185 968.586
7 26 38 15.0966
7 27 214 904.131
7 28 750 282.835
7 29 644 26.0222
8 1 63 715.496
8 2 185 279.417
8 3 130 76.7623
8 4 949 581.551
8 5 22 904.65
8 6 703 109.112
8 7 97 770.186
8 8 0 0
8 9 124 579.842
8 10 910 610.513
8 11 138 54.1969
8 12 204 54.4868
8 13 642 335.449
8 14 361 176.631
8 15 530 46.3353
8 16 49 778.365
8 17 890 42.4168
8 18 117 829.758
8 19 907 99.0439
8 20 571 618.814
8 21 176 25.7079
8 22 959 106.719
8 23 761 75.1448
8 24 734 624.704
8 25 728 306.731
8 26 829 96.3155
8 27 230 910.54
8 28 702 34.7108
8 29 1 88.5852
9 1 591 83.8029
9 2 808 25.2318
9 3 432 279.478
9 4 802 616.128
9 5 942 994.252
9 6 892 38.7301
9 7 320 538.123
9 8 253 808.517
9 9 0 0
9 10 992 502.721
9 11 326 606.667
9 12 453 46.7687
9 13 955 39.9814
9 14 322 83.3085
9 15 5 83.5191
9 16 323 535.071
9 17 56 56.794
9 18 288 77.2231
9 19 361 61.2406
9 20 104 94.5637
9 21 192 172.725
9 22 361 134.119
9 23 552 272.551
9 24 953 675.365
9 25 248 65.15
9 26 670 635.355
9 27 273 104.62
9 28 446 30.2795
9 29 545 660.807
10 1 694 439.365
10 2 23 91.1884
10 3 291 90.4712
10 4 418 92.3542
10 5 858 724.194
10 6 234 32.7363
10 7 833 398.501
10 8 221 104.958
10 9 174 69.6179
10 10 0 0
10 11 218 974.354
10 12 621 936.389
10 13 196 58.9212
10 14 962 54.6181
10 15 348 643.778
10 16 487 41.3547
10 17 580 167.781
10 18 21 39.0262
10 19 145 87.9748
10 20 734 56.5468
10 21 266 53.0525
10 22 764 92.1802
10 23 180 109.826
10 24 690 997.06
10 25 389 69.6026
10 26 523 66.3799
10 27 804 86.1467
10 28 562 35.8034
10 29 531 587.471
11 1 154 43.0485
11 2 691 292.693
11 3 999 37.8085
11 4 80 34.0181
11 5 297 158.137
11 6 421 956.165
11 7 977 125.36
11 8 171 414.096
11 9 823 64.0757
11 10 28 31.4728
11 11 0 0
11 12 186 40.2469
11 13 731 38.0251
11 14 799 382.051
11 15 955 128.564
11 16 8 12.3225
11 17 538 64.9638
11 18 60 348.237
11 19 120 90.6909
11 20 638 444.431
11 21 751 813.735
11 22 400 80.4489
11 23 847 25.1585
11 24 829 976.002
11 25 9 66.4562
11 26 479 47.9711
11 27 892 130.182
11 28 335 953.327
11 29 890 70.4297
12 1 850 102.27
12 2 632 57.0901
12 3 245 385.866
12 4 170 791.671
12 5 393 67.3595
12 6 119 664.927
12 7 979 265.318
12 8 509 125.421
12 9 160 914.996
12 10 577 74.4856
12 11 336 30.7282
12 12 0 0
12 13 390 322.235
12 14 342 195.217
12 15 767 251.157
12 16 474 94.0297
12 17 549 56.8978
12 18 345 58.9517
12 19 175 19.9399
12 20 362 73.5853
12 21 38 26.7058
12 22 894 66.7644
12 23 963 956.989
12 24 99 733.289
12 25 764 688.701
12 26 105 41.4341
12 27 54 105.788
12 28 833 392.824
12 29 109 512.609
13 1 992 61.6709
13 2 208 764.662
13 3 480 72.1418
13 4 879 104.9
13 5 453 99.0957
13 6 819 15.7985
13 7 379 76.4144
13 8 466 109.197
13 9 548 35.1839
13 10 398 18.7924
13 11 879 715.557
13 12 247 20.828
13 13 0 0
13 14 57 59.1592
13 15 457 790.847
13 16 240 774.702
13 17 433 331.146
13 18 215 12.1424
13 19 226 474.553
13 20 130 108.703
13 21 130 26.7821
13 22 436 280.211
13 23 911 88.7469
13 24 858 33.7617
13 25 81 820.022
13 26 177 43.314
13 27 236 283.354
13 28 510 339.234
13 29 458 10.5188
14 1 577 374.727
14 2 62 93.7062
14 3 34 82.8446
14 4 390 168.452
14 5 39 90.9626
14 6 272 686.809
14 7 549 94.5973
14 8 387 27.2857
14 9 398 16.5035
14 10 37 522.467
14 11 172 52.4329
14 12 958 327.454
14 13 883 678.783
14 14 0 0
14 15 103 73.8203
14 16 254 366.09
14 17 23 93.1812
14 18 326 616.006
14 19 687 768.11
14 20 160 138.208
14 21 54 58.5214
14 22 578 92.9371
14 23 221 84.16
14 24 33 98.403
14 25 548 91.0205
14 26 881 595.376
14 27 10 604.623
14 28 41 105.819
14 29 516 238.187
15 1 491 74.1408
15 2 731 23.187
15 3 726 65.7726
15 4 218 796.859
15 5 512 16.7446
15 6 56 968.8
15 7 855 77.156
15 8 300 82.7226
15 9 228 251.615
15 10 500 69.1479
15 11 645 65.2324
15 12 455 609.872
15 13 308 957.691
15 14 847 678.386
15 15 0 0
15 16 967 624.216
15 17 269 158.564
15 18 607 63.4043
15 19 10 403.323
15 20 30 100.457
15 21 413 78.0319
15 22 790 862.474
15 23 242 61.2009
15 24 400 304.656
15 25 163 24.0202
15 26 279 89.5312
15 27 769 300.445
15 28 816 92.8913
15 29 881 620.675
16 1 350 55.0209
16 2 440 473.942
16 3 982 68.3392
16 4 117 462.62
16 5 133 100.521
16 6 512 72.5813
16 7 820 97.0418
16 8 508 90.8557
16 9 399 307.769
16 10 802 12.3957
16 11 713 547.095
16 12 518 695.171
16 13 112 212.124
16 14 45 33.4748
16 15 857 410.372
16 16 0 0
16 17 740 43.5246
16 18 831 104.778
16 19 160 692.241
16 20 173 857.804
16 21 790 25.6926
16 22 566 106.368
16 23 704 57.2182
16 24 119 104.848
16 25 769 92.9279
16 26 833 84.1478
16 27 451 60.9079
16 28 329 927.112
16 29 672 913.043
17 1 38 521.795
17 2 157 375.062
17 3 791 37.5552
17 4 522 66.5081
17 5 468 32.6814
17 6 290 879.869
17 7 658 65.5437
17 8 52 89.5618
17 9 736 104.366
17 10 380 899.706
17 11 311 98.525
17 12 568 646.494
17 13 748 211.453
17 14 959 274.84
17 15 463 316.284
17 16 117 799.911
17 17 0 0
17 18 809 496.801
17 19 794 383.974
17 20 257 170.649
17 21 672 275.45
17 22 639 390.505
17 23 472 304.076
17 24 493 49.5367
17 25 306 305.389
17 26 714 489.812
17 27 736 12.4964
17 28 418 22.6164
17 29 755 33.5542
18 1 327 78.9779
18 2 297 84.7124
18 3 219 314.88
18 4 351 77.1896
18 5 447 107.763
18 6 873 68.1042
18 7 717 844.071
18 8 943 460.545
18 9 652 28.3538
18 10 767 91.7927
18 11 573 107.269
18 12 723 95.0581
18 13 642 992.116
18 14 870 99.2361
18 15 936 47.6385
18 16 486 628.091
18 17 793 597.634
18 18 0 0
18 19 300 54.4807
18 20 490 71.6565
18 21 97 90.2026
18 22 920 39.7525
18 23 908 90.7764
18 24 827 62.147
18 25 692 15.8229
18 26 892 477.299
18 27 936 785.14
18 28 768 28.3416
18 29 761 808.09
19 1 713 11.0926
19 2 394 243.07
19 3 271 107.583
19 4 811 647.135
19 5 704 30.3253
19 6 348 765.181
19 7 869 52.3566
19 8 431 72.6209
19 9 811 607.766
19 10 677 35.2541
19 11 339 280.791
19 12 624 835.404
19 13 644 59.4858
19 14 967 94.5058
19 15 598 599.74
19 16 920 59.2355
19 17 301 75.215
19 18 790 431.522
19 19 0 0
19 20 646 37.4209
19 21 357 891.985
19 22 628 242.429
19 23 723 868.547
19 24 10 86.162
19 25 922 886.217
19 26 918 252.439
19 27 977 375.856
19 28 538 337.25
19 29 855 26.2572
20 1 78 43.5887
20 2 591 102.785
20 3 901 89.4763
20 4 563 28.0395
20 5 101 99.1842
20 6 703 319.122
20 7 237 10.6012
20 8 456 65.3301
20 9 116 106.249
20 10 61 603.554
20 11 144 904.986
20 12 71 236.661
20 13 0 28.3569
20 14 602 735.059
20 15 616 518.316
20 16 660 39.2367
20 17 374 251.646
20 18 571 29.3182
20 19 205 91.756
20 20 0 0
20 21 133 886.919
20 22 568 1001.61
20 23 917 21.4811
20 24 842 76.5456
20 25 358 348.084
20 26 303 91.8232
20 27 707 341.95
20 28 606 79.1397
20 29 216 789.168
21 1 377 345.978
21 2 403 100.945
21 3 572 67.8753
21 4 531 90.8679
21 5 405 30.1422
21 6 525 96.0012
21 7 165 56.8307
21 8 280 248.99
21 9 285 96.3399
21 10 189 59.7024
21 11 556 891.527
21 12 291 38.4616
21 13 811 661.631
21 14 474 95.3816
21 15 579 109.719
21 16 128 31.5278
21 17 367 105.254
21 18 111 385.256
21 19 189 72.5538
21 20 157 192.928
21 21 0 0
21 22 97 51.0962
21 23 145 104.015
21 24 931 733.228
21 25 776 451.481
21 26 938 54.4594
21 27 762 52.8602
21 28 139 89.2993
21 29 977 687.572
22 1 656 103.368
22 2 389 32.2236
22 3 926 11.2116
22 4 762 681.682
22 5 354 1008.81
22 6 786 43.076
22 7 330 53.2966
22 8 326 17.9958
22 9 641 56.0311
22 10 19 21.4597
22 11 592 109.399
22 12 407 61.6984
22 13 616 82.8782
22 14 887 81.9016
22 15 454 433.383
22 16 692 922.9
22 17 221 22.9551
22 18 285 75.8742
22 19 703 76.4541
22 20 850 71.5192
22 21 833 538.428
22 22 0 0
22 23 941 621.133
22 24 449 95.757
22 25 529 28.8574
22 26 92 906.084
22 27 380 748.09
22 28 608 40.1218
22 29 193 914.63
23 1 317 96.1446
23 2 341 663.706
23 3 370 65.9709
23 4 478 47.2845
23 5 321 83.5801
23 6 256 51.7829
23 7 220 996.267
23 8 810 727.582
23 9 474 15.7772
23 10 996 563.484
23 11 659 213.101
23 12 697 65.3301
23 13 578 60.2792
23 14 399 419.864
23 15 653 33.957
23 16 905 107.772
23 17 320 17.3733
23 18 26 350.19
23 19 136 618.905
23 20 811 311.096
23 21 411 354.249
23 22 774 672.404
23 23 0 0
23 24 947 497.594
23 25 180 740.827
23 26 797 104.128
23 27 331 97.1883
23 28 469 605.691
23 29 273 739.545
24 1 897 506.567
24 2 777 17.4984
24 3 508 21.7924
24 4 658 36.603
24 5 784 508.733
24 6 407 122.064
24 7 583 19.888
24 8 205 77.7572
24 9 185 649.149
24 10 916 43.8389
24 11 29 63.2456
24 12 766 371.888
24 13 72 756.117
24 14 107 63.2365
24 15 623 368.654
24 16 412 28.5247
24 17 496 100.027
24 18 420 99.9289
24 19 44 106.5
24 20 126 667.338
24 21 260 92.5709
24 22 112 73.9515
24 23 493 581.612
24 24 0 0
24 25 647 19.3539
24 26 859 24.9998
24 27 644 60.0809
24 28 808 723.218
24 29 760 24.7893
25 1 994 72.74
25 2 489 72.7949
25 3 537 397.585
25 4 661 37.0363
25 5 71 101.827
25 6 802 24.4047
25 7 125 12.2523
25 8 370 90.6818
25 9 523 11.9288
25 10 215 167.048
25 11 273 376.375
25 12 45 636.667
25 13 160 947.712
25 14 97 944.904
25 15 804 235.715
25 16 967 340.973
25 17 587 80.3146
25 18 463 263.548
25 19 968 62.5376
25 20 783 85.8934
25 21 236 321.686
25 22 183 14.1566
25 23 902 63.4288
25 24 350 11.2238
25 25 0 0
25 26 476 79.4693
25 27 920 43.8755
25 28 627 70.1337
25 29 514 725.842
26 1 142 40.726
26 2 879 63.8377
26 3 846 34.4423
26 4 388 83.336
26 5 338 439.273
26 6 359 391.054
26 7 924 103.713
26 8 276 15.6917
26 9 966 783.217
26 10 198 679.637
26 11 862 446.048
26 12 456 99.0835
26 13 126 59.2294
26 14 989 27.3132
26 15 921 109.338
26 16 200 46.2865
26 17 950 28.2867
26 18 880 699.444
26 19 518 39.722
26 20 444 642.374
26 21 637 107.461
26 22 910 83.4367
26 23 724 58.5214
26 24 897 101.098
26 25 660 40.2225
26 26 0 0
26 27 378 92.6777
26 28 123 83.1529
26 29 553 34.5308
27 1 648 462.986
27 2 658 848.13
27 3 858 24.4078
27 4 498 47.4676
27 5 325 492.803
27 6 423 385.072
27 7 988 74.0584
27 8 561 645.395
27 9 380 605.721
27 10 926 674.205
27 11 814 20.4312
27 12 248 126.367
27 13 422 67.973
27 14 134 917.285
27 15 181 716.9
27 16 509 105.648
27 17 593 49.2987
27 18 226 67.6098
27 19 918 101.498
27 20 644 513.861
27 21 747 504.522
27 22 464 71.5497
27 23 750 73.4419
27 24 159 564.918
27 25 709 22.299
27 26 498 12.3347
27 27 0 0
27 28 299 27.6397
27 29 459 49.2346
28 1 890 353.333
28 2 580 786.086
28 3 738 98.9615
28 4 407 94.0693
28 5 328 289
28 6 807 66.8926
28 7 955 812.179
28 8 232 68.1072
28 9 262 34.9611
28 10 269 349.183
28 11 227 127.222
28 12 935 38.3456
28 13 79 791.762
28 14 373 51.5052
28 15 913 915.637
28 16 551 35.6966
28 17 607 86.2352
28 18 592 653.88
28 19 147 849.686
28 20 977 63.3677
28 21 332 613.046
28 22 157 822.952
28 23 177 321.655
28 24 202 50.8032
28 25 535 908.831
28 26 937 267.759
28 27 442 88.103
28 28 0 0
28 29 462 76.8691
29 1 467 684.49
29 2 82 210.354
29 3 622 79.3472
29 4 182 100.21
29 5 300 822.708
29 6 22 104.201
29 7 76 91.6431
29 8 975 66.3738
29 9 244 767.5
29 10 350 1003.87
29 11 438 344.147
29 12 196 545.478
29 13 835 18.6947
29 14 296 751.081
29 15 922 64.6251
29 16 862 48.8226
29 17 37 58.6465
29 18 388 20.8524
29 19 834 61.3596
29 20 170 16.8392
29 21 409 75.1906
29 22 750 207.546
29 23 887 505.285
29 24 308 32.6722
29 25 391 51.023
29 26 214 371.95
29 27 521 530.127
29 28 242 918.719
29 29 0 0
90
250
376
8
179
236
334
202
328
170
32
297
483
388
101
183
337
366
300
407
403
320
159
105
328
78
310
250
262
