28
0.75
1 1 0 0
1 2 735 95.699
1 3 662 715.405
1 4 815 546.485
1 5 82 339.173
1 6 817 81.0135
1 7 400 240.476
1 8 640 17.2298
1 9 966 39.3985
1 10 303 294.371
1 11 813 337.769
1 12 293 807.296
1 13 10 830.521
1 14 574 156.458
1 15 53 14.9654
1 16 372 248.655
1 17 276 753.37
1 18 771 413.424
1 19 504 79.6615
1 20 147 75.4988
1 21 623 64.796
1 22 171 93.1324
1 23 341 106.503
1 24 665 26.9897
1 25 404 48.6608
1 26 715 66.859
1 27 476 864.823
1 28 305 402.132
2 1 971 973.622
2 2 0 0
2 3 469 44.2357
2 4 541 190.425
2 5 243 750.501
2 6 585 48.3221
2 7 619 79.6951
2 8 818 12.945
2 9 141 29.2816
2 10 476 564.399
2 11 81 202.877
2 12 458 21.7496
2 13 962 687.511
2 14 261 34.5796
2 15 237 14.5534
2 16 232 74.3696
2 17 0 836.258
2 18 694 48.5022
2 19 289 181.758
2 20 964 81.0898
2 21 343 316.864
2 22 804 79.5608
2 23 732 21.3742
2 24 769 105.312
2 25 64 55.5184
2 26 935 36.5847
2 27 653 818.252
2 28 695 925.22
3 1 380 52.4238
3 2 40 152.888
3 3 0 0
3 4 73 77.0553
3 5 426 40.781
3 6 766 66.9811
3 7 147 556.007
3 8 182 971.638
3 9 947 731.641
3 10 26 39.1299
3 11 21 802.627
3 12 600 100.701
3 13 237 48.8806
3 14 151 14.6052
3 15 191 63.1266
3 16 299 63.6454
3 17 795 395.907
3 18 426 766.706
3 19 812 47.4615
3 20 610 81.337
3 21 832 107.034
3 22 717 42.9386
3 23 224 536.994
3 24 47 331.97
3 25 792 656.84
3 26 831 60.2335
3 27 691 509.344
3 28 346 18.1729
4 1 485 65.5498
4 2 661 84.3248
4 3 628 516.241
4 4 0 0
4 5 631 967.335
4 6 668 685.466
4 7 553 51.4167
4 8 585 73.8081
4 9 778 73.3168
4 10 330 649.088
4 11 753 932.788
4 12 350 50.2539
4 13 589 12.1088
4 14 993 659.22
4 15 538 88.5852
4 16 308 82.869
4 17 782 37.0058
4 18 832 853.776
4 19 165 383.333
4 20 28 38.016
4 21 833 256.376
4 22 67 105.138
4 23 514 50.3394
4 24 44 415.774
4 25 573 105.361
4 26 502 591.835
4 27 844 25.4118
4 28 218 626.321
5 1 5 870.5
5 2 535 1004.99
5 3 221 46.3842
5 4 79 95.6471
5 5 0 0
5 6 621 70.5976
5 7 21 79.1946
5 8 298 78.6819
5 9 246 109.054
5 10 871 14.9837
5 11 716 682.292
5 12 281 883.806
5 13 317 40.0607
5 14 269 23.7791
5 15 380 80.0949
5 16 321 699.016
5 17 628 366.182
5 18 642 559.821
5 19 633 438.816
5 20 162 88.1854
5 21 828 19.6408
5 22 307 610.421
5 23 195 81.0471
5 24 583 242.948
5 25 577 81.9291
5 26 627 369.6
5 27 529 972.767
5 28 168 1002.37
6 1 788 480.87
6 2 782 56.3301
6 3 41 100.866
6 4 396 939.167
6 5 386 939.136
6 6 0 0
6 7 677 591.988
6 8 332 64.8997
6 9 822 81.1509
6 10 593 885.179
6 11 299 11.6297
6 12 729 716.992
6 13 647 244.87
6 14 893 356.446
6 15 263 48.8287
6 16 895 998.464
6 17 820 828.537
6 18 390 975.239
6 19 187 99.7122
6 20 519 511.907
6 21 912 897.814
6 22 517 23.6235
6 23 179 118.066
6 24 416 28.2257
6 25 676 371.736
6 26 374 217.16
6 27 57 753.492
6 28 669 71.5253
7 1 812 56.4553
7 2 152 195.827
7 3 743 54.4197
7 4 733 43.0973
7 5 262 27.951
7 6 51 20.773
7 7 0 0
7 8 934 107.07
7 9 234 63.7461
7 10 166 74.3635
7 11 394 74.7786
7 12 926 91.2403
7 13 845 768.873
7 14 877 656.596
7 15 962 16.9796
7 16 630 77.3788
7 17 640 111.352
7 18 387 21.771
7 19 929 117.883
7 20 814 90.636
7 21 556 46.2987
7 22 889 555
7 23 363 97.286
7 24 443 75.4988
7 25 139 30.6793
7 26 436 41.9712
7 27 881 47.8155
7 28 626 88.7439
8 1 657 78.7582
8 2 14 16.0183
8 3 379 87.8405
8 4 647 585.976
8 5 511 485.906
8 6 878 78.8955
8 7 392 101.473
8 8 0 0
8 9 367 69.9506
8 10 368 72.3157
8 11 58 100.225
8 12 947 270.445
8 13 620 245.328
8 14 849 221.158
8 15 490 85.0938
8 16 232 870.897
8 17 505 418.887
8 18 107 83.0735
8 19 89 561.714
8 20 320 371.064
8 21 366 980.794
8 22 538 541.999
8 23 583 94.6736
8 24 202 81.5079
8 25 885 76.9088
8 26 651 201.137
8 27 834 73.1062
8 28 435 77.0766
9 1 917 28.656
9 2 82 146.631
9 3 422 576.546
9 4 536 72.3707
9 5 294 31.0669
9 6 338 389.131
9 7 113 410.433
9 8 449 103.393
9 9 0 0
9 10 430 10.5829
9 11 265 78.8681
9 12 811 318.267
9 13 192 39.9265
9 14 802 55.6191
9 15 186 72.6545
9 16 284 47.8948
9 17 763 37.9366
9 18 776 57.9446
9 19 565 92.8974
9 20 552 106.127
9 21 382 66.3372
9 22 53 769.911
9 23 749 32.7088
9 24 553 100.67
9 25 445 85.8385
9 26 457 340.821
9 27 657 91.2189
9 28 771 724.682
10 1 425 61.4389
10 2 723 97.2707
10 3 733 62.443
10 4 997 103.588
10 5 448 51.2366
10 6 761 39.8257
10 7 401 778.731
10 8 637 109.13
10 9 162 330.841
10 10 0 0
10 11 615 63.1877
10 12 971 44.7484
10 13 996 28.6895
10 14 298 30.3742
10 15 260 982.32
10 16 81 69.1144
10 17 724 515.875
10 18 706 649.088
10 19 241 186.092
10 20 235 539.191
10 21 366 20.9409
10 22 427 102.111
10 23 3 240.628
10 24 46 456.211
10 25 544 54.9019
10 26 347 75.6301
10 27 258 88.515
10 28 467 76.6677
11 1 62 30.8533
11 2 287 957.325
11 3 665 218.808
11 4 906 101.14
11 5 103 805.557
11 6 724 85.8599
11 7 928 94.4691
11 8 418 17.062
11 9 347 69.978
11 10 185 567.39
11 11 0 0
11 12 328 92.7723
11 13 139 83.6595
11 14 3 748.243
11 15 624 92.3908
11 16 606 53.6354
11 17 437 349.488
11 18 457 515.234
11 19 812 534.155
11 20 499 54.5814
11 21 170 240.964
11 22 273 256.315
11 23 645 149.897
11 24 691 462.345
11 25 465 65.855
11 26 583 884.691
11 27 506 44.846
11 28 940 646.616
12 1 942 37.4636
12 2 970 759.107
12 3 959 104.708
12 4 0 103.548
12 5 23 22.4332
12 6 568 23.1626
12 7 672 124.811
12 8 414 100.793
12 9 952 965.321
12 10 275 104.458
12 11 324 616.555
12 12 0 0
12 13 452 553.779
12 14 689 29.3731
12 15 316 14.4435
12 16 534 981.862
12 17 9 74.3818
12 18 14 840.073
12 19 143 742.994
12 20 112 403.292
12 21 706 24.0599
12 22 680 85.8202
12 23 910 82.2465
12 24 289 33.7678
12 25 939 438.114
12 26 882 822.037
12 27 657 37.5491
12 28 209 101.382
13 1 816 60.9293
13 2 895 44.2967
13 3 982 83.6991
13 4 978 140.528
13 5 195 160.365
13 6 578 78.218
13 7 413 27.7648
13 8 234 159.266
13 9 976 203.091
13 10 79 43.137
13 11 487 46.7504
13 12 63 22.4058
13 13 0 0
13 14 702 504.095
13 15 672 32.5959
13 16 991 808.181
13 17 706 133.508
13 18 672 469.975
13 19 827 924.029
13 20 496 982.777
13 21 791 937.946
13 22 397 74.6748
13 23 962 1005.18
13 24 528 692.241
13 25 75 205.807
13 26 404 402.468
13 27 243 672.923
13 28 468 58.6709
14 1 896 19.3142
14 2 947 105.212
14 3 322 79.4357
14 4 158 130.457
14 5 390 989.156
14 6 632 112.542
14 7 835 740.766
14 8 236 13.9796
14 9 227 34.2714
14 10 113 78.7765
14 11 501 202.907
14 12 2 842.148
14 13 52 98.287
14 14 0 0
14 15 537 81.4438
14 16 59 685.222
14 17 858 715.008
14 18 868 102.697
14 19 427 106.735
14 20 93 26.1596
14 21 338 87.4102
14 22 604 38.0862
14 23 11 71.4521
14 24 479 100.802
14 25 638 46.8816
14 26 892 114.068
14 27 122 777.846
14 28 904 43.4178
15 1 711 84.0989
15 2 986 40.4453
15 3 610 57.1023
15 4 270 779.25
15 5 171 82.747
15 6 209 34.5521
15 7 91 18.2003
15 8 41 49.436
15 9 830 18.9602
15 10 204 36.0414
15 11 44 61.9028
15 12 965 236.6
15 13 713 417.941
15 14 275 16.653
15 15 0 0
15 16 309 29.5746
15 17 468 497.35
15 18 409 69.1205
15 19 245 77.3879
15 20 619 625.253
15 21 756 29.9499
15 22 490 224.179
15 23 366 891.649
15 24 828 19.0304
15 25 525 366.639
15 26 877 81.3218
15 27 316 966.297
15 28 550 569.893
16 1 590 518.438
16 2 495 508.001
16 3 949 68.504
16 4 250 106.979
16 5 440 20.5686
16 6 252 27.7831
16 7 107 79.8477
16 8 822 196.499
16 9 435 54.9019
16 10 987 665.385
16 11 212 266.081
16 12 907 101.336
16 13 808 68.4643
16 14 578 282.5
16 15 923 598.519
16 16 0 0
16 17 307 586.769
16 18 335 109.139
16 19 709 757.368
16 20 19 48.9874
16 21 367 662.638
16 22 458 50.2142
16 23 618 21.4719
16 24 205 105.477
16 25 47 410.342
16 26 329 614.266
16 27 280 256.345
16 28 943 85.2525
17 1 578 57.4136
17 2 960 66.1876
17 3 784 77.0125
17 4 856 103.377
17 5 488 389.864
17 6 7 714.337
17 7 676 916.98
17 8 714 96.1782
17 9 117 34.6467
17 10 921 734.479
17 11 558 53.9467
17 12 424 36.3344
17 13 424 98.0551
17 14 311 83.0308
17 15 580 772.444
17 16 761 102.41
17 17 0 0
17 18 972 582.741
17 19 70 19.4058
17 20 314 550.025
17 21 611 80.043
17 22 798 72.5172
17 23 750 852.219
17 24 447 255.338
17 25 299 416.812
17 26 143 16.7904
17 27 893 103.017
17 28 156 94.3928
18 1 580 74.0584
18 2 996 543.982
18 3 468 255.643
18 4 354 444.065
18 5 230 81.0257
18 6 84 86.1132
18 7 839 694.256
18 8 243 43.1889
18 9 570 100.347
18 10 609 78.9383
18 11 107 24.0965
18 12 250 52.3597
18 13 812 93.1507
18 14 329 633.035
18 15 844 771.559
18 16 47 60.4288
18 17 784 800.826
18 18 0 0
18 19 150 435.855
18 20 773 39.7403
18 21 5 831.802
18 22 424 138.269
18 23 61 228.207
18 24 28 100.774
18 25 262 554.237
18 26 588 33.9479
18 27 475 64.4847
18 28 693 35.251
19 1 80 47.0403
19 2 827 727.704
19 3 926 492.376
19 4 181 32.0618
19 5 633 11.1292
19 6 578 256.681
19 7 530 664.561
19 8 994 23.6143
19 9 0 79.1183
19 10 891 341.706
19 11 258 72.4866
19 12 354 88.7042
19 13 53 609.414
19 14 289 56.1776
19 15 121 73.4693
19 16 866 21.9816
19 17 220 166.987
19 18 273 807.662
19 19 0 0
19 20 696 165.889
19 21 992 954.273
19 22 213 27.185
19 23 451 107.891
19 24 626 32.6569
19 25 59 59.0951
19 26 551 897.936
19 27 569 24.3651
19 28 990 48.9111
20 1 329 26.6967
20 2 725 81.8528
20 3 735 765.242
20 4 492 84.7703
20 5 633 361.909
20 6 225 882.28
20 7 724 339.081
20 8 811 106.805
20 9 411 67.8967
20 10 431 600.106
20 11 128 663.798
20 12 298 103.173
20 13 29 104.446
20 14 204 222.745
20 15 839 70.0085
20 16 284 780.196
20 17 840 99.6634
20 18 256 806.625
20 19 637 121.423
20 20 0 0
20 21 49 99.3338
20 22 91 69.8743
20 23 513 507.574
20 24 74 480.016
20 25 530 942.707
20 26 294 166.072
20 27 633 450.931
20 28 552 53.1837
21 1 827 31.7963
21 2 705 40.7718
21 3 130 306.487
21 4 44 334.87
21 5 8 265.379
21 6 70 26.9439
21 7 552 37.7474
21 8 418 80.3543
21 9 281 27.6763
21 10 485 102.63
21 11 352 88.1945
21 12 748 75.3859
21 13 327 72.8162
21 14 887 476.781
21 15 783 49.5703
21 16 716 352.692
21 17 603 76.4388
21 18 293 1005.48
21 19 876 57.5082
21 20 88 914.782
21 21 0 0
21 22 315 943.195
21 23 386 106.793
21 24 970 12.8748
21 25 493 36.1361
21 26 536 77.3971
21 27 190 201.626
21 28 216 126.947
22 1 528 974.507
22 2 877 82.2678
22 3 197 446.903
22 4 123 58.7075
22 5 937 670.146
22 6 82 96.6573
22 7 848 50.08
22 8 886 674.48
22 9 337 274.443
22 10 170 129.266
22 11 331 46.8938
22 12 135 226.926
22 13 30 456.394
22 14 464 40.6497
22 15 151 427.798
22 16 701 421.725
22 17 300 521.093
22 18 576 607.308
22 19 664 512.06
22 20 161 108.41
22 21 855 287.078
22 22 0 0
22 23 101 39.0902
22 24 106 280.425
22 25 90 33.5755
22 26 295 14.1414
22 27 470 98.1222
22 28 831 963.734
23 1 396 192.287
23 2 763 32.6722
23 3 382 81.6666
23 4 173 26.8828
23 5 882 978.017
23 6 121 813.339
23 7 59 734.876
23 8 830 108.27
23 9 883 36.7037
23 10 245 90.5383
23 11 606 27.0202
23 12 224 17.9531
23 13 355 99.0072
23 14 272 106.115
23 15 732 101.354
23 16 871 47.5622
23 17 178 324.005
23 18 756 262.144
23 19 251 24.246
23 20 671 102.483
23 21 370 45.5052
23 22 957 136.133
23 23 0 0
23 24 560 14.1169
23 25 711 468.937
23 26 884 712.658
23 27 546 42.6762
23 28 800 378.511
24 1 618 50.6812
24 2 844 543.586
24 3 524 31.1921
24 4 910 422.793
24 5 392 83.5374
24 6 742 934.986
24 7 910 32.9011
24 8 972 302.611
24 9 573 55.6832
24 10 223 294.829
24 11 751 101.501
24 12 595 17.181
24 13 769 24.5756
24 14 352 528.906
24 15 140 26.0222
24 16 735 75.7949
24 17 400 319.488
24 18 768 25.2654
24 19 154 830.032
24 20 686 105.242
24 21 435 105.587
24 22 697 22.7018
24 23 802 305.358
24 24 0 0
24 25 202 231.503
24 26 686 211.971
24 27 149 496.77
24 28 166 140.589
25 1 87 166.835
25 2 979 277.861
25 3 586 690.136
25 4 115 277.891
25 5 829 69.3951
25 6 48 79.8294
25 7 371 78.865
25 8 248 12.4476
25 9 993 45.7799
25 10 805 25.7292
25 11 63 715.771
25 12 118 49.5856
25 13 576 214.291
25 14 833 648.386
25 15 647 68.2873
25 16 952 73.4175
25 17 278 42.5785
25 18 573 444.675
25 19 52 86.1956
25 20 542 705.914
25 21 158 400.057
25 22 777 81.2485
25 23 518 923.022
25 24 621 75.2333
25 25 0 0
25 26 297 591.347
25 27 214 42.197
25 28 252 109.564
26 1 866 75.685
26 2 763 621.805
26 3 364 670.207
26 4 64 106.28
26 5 550 66.2273
26 6 164 27.2582
26 7 869 25.4424
26 8 905 92.635
26 9 844 88.283
26 10 971 803.146
26 11 978 19.4821
26 12 758 40.2255
26 13 345 503.454
26 14 121 587.349
26 15 485 230.252
26 16 425 764.875
26 17 900 771.223
26 18 285 88.5516
26 19 687 962.544
26 20 954 668.742
26 21 134 80.1895
26 22 635 83.0674
26 23 251 524.237
26 24 45 39.667
26 25 931 35.5593
26 26 0 0
26 27 449 968.129
26 28 586 576.607
27 1 229 101.302
27 2 491 77.5619
27 3 564 187.038
27 4 385 693.554
27 5 714 50.5896
27 6 203 333.618
27 7 504 101.269
27 8 8 46.6588
27 9 993 32.0435
27 10 607 875.322
27 11 839 44.788
27 12 997 954.731
27 13 98 93.2545
27 14 876 56.0219
27 15 59 333.252
27 16 289 30.2582
27 17 327 266.966
27 18 801 13.9491
27 19 358 973.713
27 20 600 18.124
27 21 506 93.7733
27 22 486 275.267
27 23 144 911.212
27 24 703 304.504
27 25 407 600.289
27 26 648 275.297
27 27 0 0
27 28 930 66.1602
28 1 26 215.42
28 2 244 214.871
28 3 44 746.9
28 4 539 58.4909
28 5 892 816.177
28 6 381 27.5878
28 7 986 523.657
28 8 688 157.465
28 9 571 24.4963
28 10 500 174.098
28 11 92 199.062
28 12 112 264.738
28 13 987 14.4527
28 14 816 107.821
28 15 240 99.0011
28 16 360 983.571
28 17 962 55.4726
28 18 197 181.056
28 19 538 804.916
28 20 116 82.7256
28 21 228 294.066
28 22 788 81.6605
28 23 542 499.547
28 24 110 54.0504
28 25 464 15.3468
28 26 227 58.5214
28 27 669 85.4479
28 28 0 0
483
51
438
50
73
179
431
139
148
218
267
110
163
95
104
107
412
207
301
456
423
103
375
245
205
463
137
359
