14
0.5
1 1 0 0
1 2 2878 41.4649
1 3 9550 245.769
1 4 1635 542.162
1 5 4744 439.758
1 6 255 637.793
1 7 4982 72.089
1 8 3811 93.1977
1 9 1608 619.53
1 10 254 304.328
1 11 6216 39.1802
1 12 814 449.665
1 13 4787 467.625
1 14 1164 79.0918
2 1 6605 530.984
2 2 0 0
2 3 5711 90.4102
2 4 8852 108.428
2 5 9439 647.193
2 6 3412 360.512
2 7 4245 19.8397
2 8 7126 552.976
2 9 8210 27.1312
2 10 3743 25.5359
2 11 5983 15.9431
2 12 7899 90.6406
2 13 5382 238.34
2 14 7770 309.069
3 1 5171 11.4767
3 2 6916 889.985
3 3 0 0
3 4 72 18.4944
3 5 8398 50.9625
3 6 7131 91.8647
3 7 5501 636.659
3 8 6708 16.9431
3 9 8738 77.9125
3 10 2688 98.55
3 11 2461 41.6347
3 12 9392 43.7565
3 13 3644 879.706
3 14 6825 443.724
4 1 5542 12.014
4 2 2362 930.755
4 3 8100 585.235
4 4 0 0
4 5 3895 451.206
4 6 3615 219.583
4 7 7513 50.1353
4 8 7653 92.0617
4 9 9239 55.1653
4 10 5359 941.654
4 11 8480 71.1131
4 12 143 598.482
4 13 179 416.683
4 14 6798 247.045
5 1 3744 33.4926
5 2 9703 55.9758
5 3 6222 727.948
5 4 5037 33.7834
5 5 0 0
5 6 3917 41.8486
5 7 737 107.467
5 8 6063 96.3729
5 9 2669 748.536
5 10 2603 44.0785
5 11 2050 81.1767
5 12 161 57.814
5 13 6348 80.9336
5 14 9348 94.4804
6 1 1849 499.073
6 2 2666 249.46
6 3 1190 46.9398
6 4 3770 758.594
6 5 879 91.077
6 6 0 0
6 7 764 67.6067
6 8 5787 106.524
6 9 399 563.523
6 10 4847 88.2124
6 11 9099 96.0625
6 12 668 200.379
6 13 7208 602.004
6 14 7957 527.153
7 1 980 907.479
7 2 2051 354.113
7 3 4019 54.5539
7 4 7063 70.844
7 5 686 79.8589
7 6 5927 16.4723
7 7 0 0
7 8 5193 62.7909
7 9 1060 762.01
7 10 2211 50.0213
7 11 8917 41.5889
7 12 1914 483.707
7 13 9969 970.04
7 14 3049 523.424
8 1 107 484.645
8 2 5899 565.47
8 3 4234 244.039
8 4 7812 229.689
8 5 5981 606.898
8 6 591 864.74
8 7 4307 33.2675
8 8 0 0
8 9 1023 20.0101
8 10 4510 215.61
8 11 1999 369.974
8 12 1551 149.258
8 13 8008 518.702
8 14 9065 12.183
9 1 8627 470.766
9 2 9440 696.135
9 3 1229 898.316
9 4 8498 75.9314
9 5 8260 526.28
9 6 1496 45.6694
9 7 3905 534.668
9 8 2211 56.5742
9 9 0 0
9 10 9828 798.356
9 11 1092 66.2368
9 12 8280 862.503
9 13 9291 81.155
9 14 8833 99.1519
10 1 5468 802.624
10 2 8115 83.0754
10 3 5038 189.615
10 4 6208 109.246
10 5 1026 13.0727
10 6 9598 46.5739
10 7 4177 752.716
10 8 2645 378.042
10 9 5519 471.407
10 10 0 0
10 11 8779 71.9708
10 12 6666 707.685
10 13 6189 938.014
10 14 4725 420.796
11 1 6784 45.1639
11 2 718 120.519
11 3 8077 92.6692
11 4 3221 18.8603
11 5 5217 77.8855
11 6 9042 307.442
11 7 490 560.757
11 8 788 42.7115
11 9 4788 295.83
11 10 749 953.183
11 11 0 0
11 12 2872 75.5867
11 13 8710 104.855
11 14 9531 296.973
12 1 8811 55.9492
12 2 3994 12.8477
12 3 3361 856.429
12 4 2554 634.899
12 5 4056 35.5405
12 6 9686 63.0571
12 7 7559 191.151
12 8 2715 396.76
12 9 7713 256.645
12 10 6283 86.3878
12 11 8025 314.199
12 12 0 0
12 13 763 71.0322
12 14 9847 15.0289
13 1 7148 18.5508
13 2 5093 345.687
13 3 6701 508.51
13 4 865 511.992
13 5 2311 85.6929
13 6 7822 71.496
13 7 4470 28.6604
13 8 6682 308.552
13 9 1329 105.967
13 10 9980 858.8
13 11 8028 36.3395
13 12 5965 764.209
13 13 0 0
13 14 7282 74.8357
14 1 415 33.1668
14 2 8818 54.7326
14 3 2659 105.12
14 4 9703 79.1835
14 5 9483 966.208
14 6 810 213.81
14 7 4031 56.3118
14 8 2506 590.561
14 9 8790 28.1039
14 10 6939 61.9955
14 11 2991 137.881
14 12 8153 28.5967
14 13 1493 90.9738
14 14 0 0
76
457
436
184
440
303
344
103
352
169
486
29
360
344
